index,seller_type,buyer_type,delivery_time,quantity,unit_price,signed_at,nullified_at,concluded_at,seller,buyer,n_neg_steps,executed_at,erred_at,dropped_at,product
271,OTHER,T36,0,1,10,0,-1,-1,SELLER,00T36@0,0,0,-1,-1,0
47,OTHER,T35,0,1,10,0,-1,-1,SELLER,01T35@0,0,0,-1,-1,0
232,OTHER,T36,0,2,10,0,-1,-1,SELLER,00T36@0,0,0,-1,-1,0
228,OTHER,T36,0,1,10,0,-1,-1,SELLER,00T36@0,0,0,-1,-1,0
36,OTHER,T35,0,3,10,0,-1,-1,SELLER,01T35@0,0,0,-1,-1,0
84,OTHER,T36,0,1,10,0,-1,-1,SELLER,00T36@0,0,0,-1,-1,0
95,OTHER,T35,0,1,10,0,-1,-1,SELLER,01T35@0,0,0,-1,-1,0
200,OTHER,T35,0,2,10,0,-1,-1,SELLER,01T35@0,0,0,-1,-1,0
9,OTHER,T35,0,2,10,0,-1,-1,SELLER,01T35@0,0,0,-1,-1,0
78,OTHER,T35,0,1,10,0,-1,-1,SELLER,01T35@0,0,0,-1,-1,0
160,OTHER,T35,0,1,10,0,-1,-1,SELLER,01T35@0,0,0,-1,-1,0
261,OTHER,T36,0,1,10,0,-1,-1,SELLER,00T36@0,0,0,-1,-1,0
262,OTHER,T36,0,3,10,0,-1,-1,SELLER,00T36@0,0,0,-1,-1,0
375,T35,T22,1,5,20,1,-1,1,07T35@3,09T22@4,17,1,-1,-1,4
404,T35,T37,1,5,20,-1,-1,1,07T35@3,08T37@4,17,-1,-1,-1,4
408,T36,T35,1,4,46,-1,-1,1,04T36@2,07T35@3,17,-1,-1,-1,3
390,T35,T37,1,5,17,-1,-1,1,05T35@2,06T37@3,17,-1,-1,-1,3
350,T35,T22,1,5,20,1,-1,1,07T35@3,09T22@4,17,1,-1,-1,4
141,OTHER,T36,1,1,10,0,-1,-1,SELLER,00T36@0,0,1,-1,-1,0
411,T37,T35,1,1,33,-1,-1,1,02T37@1,05T35@2,17,-1,-1,-1,2
49,OTHER,T35,1,3,10,0,-1,-1,SELLER,01T35@0,0,1,-1,-1,0
388,T37,T36,1,4,11,-1,-1,1,02T37@1,04T36@2,17,-1,-1,-1,2
101,OTHER,T35,1,5,10,0,-1,-1,SELLER,01T35@0,0,1,-1,-1,0
327,T35,T36,1,1,7,1,-1,1,01T35@0,03T36@1,18,1,-1,-1,1
326,T35,T22,1,9,18,1,-1,1,07T35@3,09T22@4,17,1,-1,-1,4
387,T36,T35,1,1,33,-1,-1,1,03T36@1,05T35@2,17,-1,-1,-1,2
150,OTHER,T35,1,1,10,0,-1,-1,SELLER,01T35@0,0,1,-1,-1,0
206,OTHER,T35,1,1,10,0,-1,-1,SELLER,01T35@0,0,1,-1,-1,0
358,T35,T36,1,5,8,1,-1,1,01T35@0,03T36@1,17,1,-1,-1,1
186,OTHER,T36,1,2,10,0,-1,-1,SELLER,00T36@0,0,1,-1,-1,0
389,T35,T37,1,5,20,-1,-1,1,07T35@3,08T37@4,17,-1,-1,-1,4
35,OTHER,T36,1,1,10,0,-1,-1,SELLER,00T36@0,0,1,-1,-1,0
148,OTHER,T35,1,1,10,0,-1,-1,SELLER,01T35@0,0,1,-1,-1,0
393,T36,T37,1,4,46,-1,-1,1,04T36@2,06T37@3,17,-1,-1,-1,3
398,T36,T36,1,4,11,-1,-1,1,03T36@1,04T36@2,17,-1,-1,-1,2
12,OTHER,T36,1,4,10,0,-1,-1,SELLER,00T36@0,0,1,-1,-1,0
391,T35,T37,1,1,16,-1,-1,1,05T35@2,06T37@3,17,-1,-1,-1,3
396,T36,T37,1,1,16,-1,-1,1,04T36@2,06T37@3,17,-1,-1,-1,3
338,T35,T22,1,10,18,1,-1,1,07T35@3,09T22@4,17,1,-1,-1,4
400,T35,T37,1,1,16,-1,-1,1,05T35@2,06T37@3,17,-1,-1,-1,3
347,T36,T36,1,4,11,1,-1,1,03T36@1,04T36@2,17,1,-1,-1,2
399,T35,T37,1,1,8,-1,-1,1,01T35@0,02T37@1,18,-1,-1,-1,1
18,OTHER,T35,1,1,10,0,-1,-1,SELLER,01T35@0,0,1,-1,-1,0
252,OTHER,T35,2,1,10,0,-1,-1,SELLER,01T35@0,0,2,-1,-1,0
173,OTHER,T35,2,3,10,0,-1,-1,SELLER,01T35@0,0,2,-1,-1,0
183,OTHER,T35,2,3,10,0,-1,-1,SELLER,01T35@0,0,2,-1,-1,0
403,T36,T36,2,5,8,-1,-1,1,00T36@0,03T36@1,17,-1,-1,-1,1
190,OTHER,T36,2,2,10,0,-1,-1,SELLER,00T36@0,0,2,-1,-1,0
192,OTHER,T36,2,1,10,0,-1,-1,SELLER,00T36@0,0,2,-1,-1,0
431,T35,T36,2,5,8,2,-1,2,01T35@0,03T36@1,17,2,-1,-1,1
315,T36,T37,2,1,16,1,-1,1,04T36@2,06T37@3,17,2,-1,-1,3
213,OTHER,T36,2,2,10,0,-1,-1,SELLER,00T36@0,0,2,-1,-1,0
13,OTHER,T36,2,1,10,0,-1,-1,SELLER,00T36@0,0,2,-1,-1,0
21,OTHER,T36,2,2,10,0,-1,-1,SELLER,00T36@0,0,2,-1,-1,0
456,T35,T22,2,5,20,2,-1,2,07T35@3,09T22@4,17,2,-1,-1,4
320,T36,T35,2,1,33,1,-1,1,03T36@1,05T35@2,17,2,-1,-1,2
470,T35,T36,2,1,7,2,-1,2,01T35@0,03T36@1,18,2,-1,-1,1
151,OTHER,T35,2,1,10,0,-1,-1,SELLER,01T35@0,0,2,-1,-1,0
125,OTHER,T36,2,1,10,0,-1,-1,SELLER,00T36@0,0,2,-1,-1,0
409,T37,T36,2,4,12,-1,-1,1,02T37@1,04T36@2,17,-1,-1,-1,2
247,OTHER,T35,2,2,10,0,-1,-1,SELLER,01T35@0,0,2,-1,-1,0
402,T37,T37,2,3,55,-1,-1,1,06T37@3,08T37@4,17,-1,-1,-1,4
476,T35,T37,2,5,20,-1,-1,2,07T35@3,08T37@4,17,-1,-1,-1,4
407,T37,T22,2,3,55,-1,-1,1,06T37@3,09T22@4,17,-1,-1,-1,4
366,T35,T37,2,1,16,1,-1,1,05T35@2,06T37@3,17,2,-1,-1,3
479,T35,T37,2,9,18,-1,-1,2,07T35@3,08T37@4,17,-1,-1,-1,4
480,T35,T37,2,1,8,-1,-1,2,01T35@0,02T37@1,18,-1,-1,-1,1
157,OTHER,T35,2,1,10,0,-1,-1,SELLER,01T35@0,0,2,-1,-1,0
365,T35,T37,2,5,7,1,-1,1,01T35@0,02T37@1,17,2,-1,-1,1
318,T36,T37,3,5,7,1,-1,1,00T36@0,02T37@1,17,3,-1,-1,1
382,T37,T22,3,3,55,1,-1,1,06T37@3,09T22@4,17,3,-1,-1,4
465,T35,T37,3,5,7,2,-1,2,01T35@0,02T37@1,17,3,-1,-1,1
467,T35,T36,3,5,7,2,-1,2,01T35@0,03T36@1,17,3,-1,-1,1
370,T36,T36,3,5,7,1,-1,1,00T36@0,03T36@1,17,3,-1,-1,1
8,OTHER,T36,3,3,10,0,-1,-1,SELLER,00T36@0,0,3,-1,-1,0
364,T35,T37,3,5,7,1,-1,1,01T35@0,02T37@1,17,3,-1,-1,1
363,T36,T35,3,4,46,1,-1,1,04T36@2,07T35@3,17,3,-1,-1,3
374,T36,T37,3,1,16,1,-1,1,04T36@2,06T37@3,17,3,-1,-1,3
156,OTHER,T35,3,1,10,0,-1,-1,SELLER,01T35@0,0,3,-1,-1,0
308,T37,T35,3,1,33,1,-1,1,02T37@1,05T35@2,17,3,-1,-1,2
170,OTHER,T36,3,2,10,0,-1,-1,SELLER,00T36@0,0,3,-1,-1,0
99,OTHER,T36,3,1,10,0,-1,-1,SELLER,00T36@0,0,3,-1,-1,0
106,OTHER,T35,3,3,10,0,-1,-1,SELLER,01T35@0,0,3,-1,-1,0
219,OTHER,T35,3,2,10,0,-1,-1,SELLER,01T35@0,0,3,-1,-1,0
233,OTHER,T35,3,2,10,0,-1,-1,SELLER,01T35@0,0,3,-1,-1,0
537,T35,T37,3,1,16,-1,-1,3,05T35@2,06T37@3,17,-1,-1,-1,3
353,T36,T36,3,5,12,1,-1,1,03T36@1,04T36@2,17,3,-1,-1,2
521,T35,T36,3,1,7,3,-1,3,01T35@0,03T36@1,18,3,-1,-1,1
534,T35,T37,3,5,8,-1,-1,3,01T35@0,02T37@1,17,-1,-1,-1,1
384,T36,T37,3,13,22,-1,-1,1,00T36@0,02T37@1,17,-1,-1,-1,1
419,T35,T37,3,5,8,2,-1,2,01T35@0,02T37@1,17,3,-1,-1,1
544,T35,T37,3,1,7,-1,-1,3,01T35@0,02T37@1,18,-1,-1,-1,1
149,OTHER,T35,3,1,10,0,-1,-1,SELLER,01T35@0,0,3,-1,-1,0
522,T35,T22,3,8,18,3,-1,3,07T35@3,09T22@4,17,3,-1,-1,4
333,T35,T37,3,9,20,1,-1,1,07T35@3,08T37@4,17,3,-1,-1,4
217,OTHER,T35,3,3,10,0,-1,-1,SELLER,01T35@0,0,3,-1,-1,0
328,T36,T37,3,5,7,1,-1,1,00T36@0,02T37@1,17,3,-1,-1,1
215,OTHER,T36,3,1,10,0,-1,-1,SELLER,00T36@0,0,3,-1,-1,0
30,OTHER,T35,3,1,10,0,-1,-1,SELLER,01T35@0,0,3,-1,-1,0
354,T36,T37,3,4,46,1,-1,1,04T36@2,06T37@3,17,3,-1,-1,3
322,T35,T36,3,5,8,1,-1,1,01T35@0,03T36@1,17,3,-1,-1,1
595,T35,T37,4,1,7,-1,-1,4,01T35@0,02T37@1,18,-1,-1,-1,1
412,T37,T22,4,10,20,-1,-1,1,06T37@3,09T22@4,17,-1,-1,-1,4
128,OTHER,T35,4,1,10,0,-1,-1,SELLER,01T35@0,0,4,-1,-1,0
459,T35,T36,4,5,7,2,-1,2,01T35@0,03T36@1,17,4,-1,-1,1
126,OTHER,T35,4,1,10,0,-1,-1,SELLER,01T35@0,0,4,-1,-1,0
274,OTHER,T36,4,3,10,0,-1,-1,SELLER,00T36@0,0,4,-1,-1,0
401,T37,T36,4,5,12,-1,-1,1,02T37@1,04T36@2,17,-1,-1,-1,2
270,OTHER,T35,4,2,10,0,-1,-1,SELLER,01T35@0,0,4,-1,-1,0
153,OTHER,T35,4,2,10,0,-1,-1,SELLER,01T35@0,0,4,-1,-1,0
471,T35,T37,4,5,7,2,-1,2,01T35@0,02T37@1,17,4,-1,-1,1
239,OTHER,T35,4,1,10,0,-1,-1,SELLER,01T35@0,0,4,-1,-1,0
260,OTHER,T35,4,3,10,0,-1,-1,SELLER,01T35@0,0,4,-1,-1,0
553,T35,T36,4,5,8,4,-1,4,01T35@0,03T36@1,17,4,-1,-1,1
145,OTHER,T36,4,1,10,0,-1,-1,SELLER,00T36@0,0,4,-1,-1,0
339,T37,T35,4,1,33,1,-1,1,02T37@1,05T35@2,17,4,-1,-1,2
392,T36,T36,4,14,22,-1,-1,1,00T36@0,03T36@1,17,-1,-1,-1,1
317,T35,T37,4,9,20,1,-1,1,07T35@3,08T37@4,17,4,-1,-1,4
330,T36,T36,4,1,33,1,-1,1,03T36@1,04T36@2,17,4,-1,-1,2
316,T37,T36,4,1,33,1,-1,1,02T37@1,04T36@2,17,4,-1,-1,2
519,T35,T36,4,5,8,3,-1,3,01T35@0,03T36@1,17,4,-1,-1,1
563,T35,T36,4,1,7,4,-1,4,01T35@0,03T36@1,18,4,-1,-1,1
359,T36,T35,4,1,33,1,-1,1,03T36@1,05T35@2,17,4,-1,-1,2
427,T35,T37,4,8,20,2,-1,2,07T35@3,08T37@4,17,4,-1,-1,4
325,T35,T37,4,5,15,1,-1,1,05T35@2,06T37@3,17,4,-1,-1,3
588,T36,T37,4,12,14,-1,-1,4,00T36@0,02T37@1,2,-1,-1,-1,1
501,T35,T37,4,5,7,3,-1,3,01T35@0,02T37@1,17,4,-1,-1,1
202,OTHER,T35,4,1,10,0,-1,-1,SELLER,01T35@0,0,4,-1,-1,0
385,T36,T37,4,14,22,-1,-1,1,00T36@0,02T37@1,17,-1,-1,-1,1
499,T35,T36,4,5,7,3,-1,3,01T35@0,03T36@1,17,4,-1,-1,1
63,OTHER,T36,4,3,10,0,-1,-1,SELLER,00T36@0,0,4,-1,-1,0
450,T35,T36,4,5,8,2,-1,2,01T35@0,03T36@1,17,4,-1,-1,1
509,T35,T37,4,8,18,3,-1,3,07T35@3,08T37@4,17,4,-1,-1,4
453,T35,T37,4,5,7,2,-1,2,01T35@0,02T37@1,17,4,-1,-1,1
488,T35,T22,4,8,18,3,-1,3,07T35@3,09T22@4,17,4,-1,-1,4
32,OTHER,T35,4,2,10,0,-1,-1,SELLER,01T35@0,0,4,-1,-1,0
214,OTHER,T36,5,2,10,0,-1,-1,SELLER,00T36@0,0,5,-1,-1,0
423,T35,T37,5,5,15,2,-1,2,05T35@2,06T37@3,17,5,-1,-1,3
245,T22,OTHER,5,5,49,0,-1,-1,09T22@4,BUYER,0,5,-1,-1,5
268,T22,OTHER,5,1,49,0,-1,-1,09T22@4,BUYER,0,5,-1,-1,5
406,T36,T36,5,12,22,-1,-1,1,00T36@0,03T36@1,17,-1,-1,-1,1
198,OTHER,T36,5,1,10,0,-1,-1,SELLER,00T36@0,0,5,-1,-1,0
227,OTHER,T36,5,1,10,0,-1,-1,SELLER,00T36@0,0,5,-1,-1,0
176,OTHER,T36,5,1,10,0,-1,-1,SELLER,00T36@0,0,5,-1,-1,0
259,T22,OTHER,5,1,49,0,-1,-1,09T22@4,BUYER,0,5,-1,-1,5
460,T35,T22,5,8,20,2,-1,2,07T35@3,09T22@4,17,5,-1,-1,4
164,T37,OTHER,5,2,49,0,-1,-1,08T37@4,BUYER,0,5,-1,-1,5
238,T37,OTHER,5,2,49,0,-1,-1,08T37@4,BUYER,0,5,-1,-1,5
343,T37,T22,5,3,55,1,-1,1,06T37@3,09T22@4,17,5,-1,-1,4
135,OTHER,T35,5,2,10,0,-1,-1,SELLER,01T35@0,0,5,-1,-1,0
102,T37,OTHER,5,3,49,0,-1,-1,08T37@4,BUYER,0,5,-1,-1,5
25,OTHER,T35,5,1,10,0,-1,-1,SELLER,01T35@0,0,5,-1,-1,0
107,OTHER,T35,5,3,10,0,-1,-1,SELLER,01T35@0,0,5,-1,-1,0
637,T37,T22,5,9,18,-1,-1,5,06T37@3,09T22@4,17,-1,-1,-1,4
98,T37,OTHER,5,3,49,0,-1,-1,08T37@4,BUYER,0,5,-1,-1,5
313,T35,T37,5,10,20,1,-1,1,07T35@3,08T37@4,17,5,-1,-1,4
91,T37,OTHER,5,2,49,0,-1,-1,08T37@4,BUYER,0,5,-1,-1,5
110,T22,OTHER,5,1,49,0,-1,-1,09T22@4,BUYER,0,5,-1,-1,5
556,T35,T22,5,9,18,4,-1,4,07T35@3,09T22@4,17,5,-1,-1,4
552,T35,T22,5,5,18,4,-1,4,07T35@3,09T22@4,17,5,-1,-1,4
116,OTHER,T35,5,1,10,0,-1,-1,SELLER,01T35@0,0,5,-1,-1,0
20,OTHER,T35,5,1,10,0,-1,-1,SELLER,01T35@0,0,5,-1,-1,0
324,T36,T35,5,4,46,1,-1,1,04T36@2,07T35@3,17,5,-1,-1,3
341,T35,T22,5,10,20,1,-1,1,07T35@3,09T22@4,17,5,-1,-1,4
306,T37,T36,5,1,33,1,-1,1,02T37@1,04T36@2,17,5,-1,-1,2
518,T35,T37,5,10,18,3,-1,3,07T35@3,08T37@4,17,5,-1,-1,4
323,T36,T37,5,4,46,1,-1,1,04T36@2,06T37@3,17,5,-1,-1,3
74,OTHER,T36,5,3,10,0,-1,-1,SELLER,00T36@0,0,5,-1,-1,0
72,OTHER,T35,5,1,10,0,-1,-1,SELLER,01T35@0,0,5,-1,-1,0
531,T35,T37,5,1,16,3,-1,3,05T35@2,06T37@3,17,5,-1,-1,3
64,OTHER,T36,5,3,10,0,-1,-1,SELLER,00T36@0,0,5,-1,-1,0
216,T22,OTHER,6,3,49,0,-1,-1,09T22@4,BUYER,0,6,-1,-1,5
332,T37,T37,6,3,55,1,-1,1,06T37@3,08T37@4,17,6,-1,-1,4
195,T22,OTHER,6,1,49,0,-1,-1,09T22@4,BUYER,0,6,-1,-1,5
557,T36,T36,6,5,8,4,-1,4,00T36@0,03T36@1,17,6,-1,-1,1
433,T35,T37,6,10,20,2,-1,2,07T35@3,08T37@4,17,6,-1,-1,4
237,OTHER,T36,6,2,10,0,-1,-1,SELLER,00T36@0,0,6,-1,-1,0
42,T22,OTHER,6,2,49,0,-1,-1,09T22@4,BUYER,0,6,-1,-1,5
378,T36,T36,6,1,33,1,-1,1,03T36@1,04T36@2,17,6,-1,-1,2
56,OTHER,T36,6,2,10,0,-1,-1,SELLER,00T36@0,0,6,-1,-1,0
615,T35,T22,6,4,20,5,-1,5,07T35@3,09T22@4,17,6,-1,-1,4
337,T37,T22,6,3,56,1,-1,1,06T37@3,09T22@4,17,6,-1,-1,4
357,T36,T36,6,12,22,1,-1,1,00T36@0,03T36@1,17,6,-1,-1,1
86,T37,OTHER,6,1,49,0,-1,-1,08T37@4,BUYER,0,6,-1,-1,5
225,OTHER,T35,6,1,10,0,-1,-1,SELLER,01T35@0,0,6,-1,-1,0
426,T35,T37,6,1,16,2,-1,2,05T35@2,06T37@3,17,6,-1,-1,3
81,OTHER,T36,6,2,10,0,-1,-1,SELLER,00T36@0,0,6,-1,-1,0
600,T35,T36,6,5,7,5,-1,5,01T35@0,03T36@1,17,6,-1,-1,1
523,T35,T22,6,8,18,3,-1,3,07T35@3,09T22@4,17,6,-1,-1,4
601,T35,T22,6,5,18,5,-1,5,07T35@3,09T22@4,17,6,-1,-1,4
221,T37,OTHER,6,3,49,0,-1,-1,08T37@4,BUYER,0,6,-1,-1,5
422,T36,T37,6,12,22,2,-1,2,00T36@0,02T37@1,17,6,-1,-1,1
23,OTHER,T35,6,1,10,0,-1,-1,SELLER,01T35@0,0,6,-1,-1,0
348,T37,T37,6,3,56,1,-1,1,06T37@3,08T37@4,17,6,-1,-1,4
311,T37,T36,6,1,33,1,-1,1,02T37@1,04T36@2,17,6,-1,-1,2
137,OTHER,T35,6,1,10,0,-1,-1,SELLER,01T35@0,0,6,-1,-1,0
269,OTHER,T35,6,2,10,0,-1,-1,SELLER,01T35@0,0,6,-1,-1,0
303,T36,T36,6,10,20,1,-1,1,00T36@0,03T36@1,17,6,-1,-1,1
267,OTHER,T35,6,1,10,0,-1,-1,SELLER,01T35@0,0,6,-1,-1,0
265,T37,OTHER,6,2,49,0,-1,-1,08T37@4,BUYER,0,6,-1,-1,5
272,T22,OTHER,6,4,49,0,-1,-1,09T22@4,BUYER,0,6,-1,-1,5
652,T35,T36,6,1,7,6,-1,6,01T35@0,03T36@1,18,6,-1,-1,1
651,T35,T22,6,4,20,6,-1,6,07T35@3,09T22@4,17,6,-1,-1,4
161,T22,OTHER,6,1,49,0,-1,-1,09T22@4,BUYER,0,6,-1,-1,5
122,OTHER,T36,6,3,10,0,-1,-1,SELLER,00T36@0,0,6,-1,-1,0
273,OTHER,T35,6,4,10,0,-1,-1,SELLER,01T35@0,0,6,-1,-1,0
121,T22,OTHER,6,2,49,0,-1,-1,09T22@4,BUYER,0,6,-1,-1,5
483,T35,T22,6,4,18,3,-1,3,07T35@3,09T22@4,17,6,-1,-1,4
585,T35,T37,6,11,18,-1,-1,4,07T35@3,08T37@4,17,-1,-1,-1,4
307,T36,T35,6,4,46,1,-1,1,04T36@2,07T35@3,17,6,-1,-1,3
673,T35,T22,6,5,18,6,-1,6,07T35@3,09T22@4,17,6,-1,-1,4
497,T35,T36,6,5,7,3,-1,3,01T35@0,03T36@1,17,6,-1,-1,1
678,T37,T22,6,14,37,-1,-1,6,06T37@3,09T22@4,2,-1,-1,-1,4
593,T35,T37,6,10,18,-1,-1,4,07T35@3,08T37@4,17,-1,-1,-1,4
361,T36,T36,6,1,33,1,-1,1,03T36@1,04T36@2,17,6,-1,-1,2
373,T37,T35,6,1,33,1,-1,1,02T37@1,05T35@2,17,6,-1,-1,2
184,T37,OTHER,6,1,49,0,-1,-1,08T37@4,BUYER,0,6,-1,-1,5
178,OTHER,T35,6,1,10,0,-1,-1,SELLER,01T35@0,0,6,-1,-1,0
498,T35,T22,6,6,18,3,-1,3,07T35@3,09T22@4,17,6,-1,-1,4
674,T36,T35,6,78,31,-1,-1,6,04T36@2,07T35@3,2,-1,-1,-1,3
560,T35,T22,7,8,18,4,-1,4,07T35@3,09T22@4,17,7,-1,-1,4
342,T37,T35,7,1,33,1,-1,1,02T37@1,05T35@2,17,7,-1,-1,2
16,OTHER,T36,7,1,10,0,-1,-1,SELLER,00T36@0,0,7,-1,-1,0
266,OTHER,T36,7,3,10,0,-1,-1,SELLER,00T36@0,0,7,-1,-1,0
562,T35,T37,7,35,14,4,-1,4,01T35@0,02T37@1,2,7,-1,-1,1
591,T37,T22,7,6,18,-1,-1,4,06T37@3,09T22@4,17,-1,-1,-1,4
598,T35,T36,7,5,8,5,-1,5,01T35@0,03T36@1,17,7,-1,-1,1
548,T35,T22,7,8,20,4,-1,4,07T35@3,09T22@4,17,7,-1,-1,4
570,T35,T22,7,4,18,4,-1,4,07T35@3,09T22@4,17,7,-1,-1,4
14,OTHER,T36,7,1,10,0,-1,-1,SELLER,00T36@0,0,7,-1,-1,0
550,T35,T22,7,6,20,4,-1,4,07T35@3,09T22@4,17,7,-1,-1,4
605,T35,T37,7,5,17,5,-1,5,05T35@2,06T37@3,17,7,-1,-1,3
567,T36,T36,7,5,7,4,-1,4,00T36@0,03T36@1,17,7,-1,-1,1
278,T37,OTHER,7,1,49,0,-1,-1,08T37@4,BUYER,0,7,-1,-1,5
37,OTHER,T35,7,4,10,0,-1,-1,SELLER,01T35@0,0,7,-1,-1,0
663,T35,T35,7,11,15,6,-1,6,05T35@2,07T35@3,17,7,-1,-1,3
172,T37,OTHER,7,2,49,0,-1,-1,08T37@4,BUYER,0,7,-1,-1,5
535,T37,T22,7,5,37,-1,-1,3,06T37@3,09T22@4,2,-1,-1,-1,4
152,T37,OTHER,7,1,49,0,-1,-1,08T37@4,BUYER,0,7,-1,-1,5
722,T35,T37,7,11,18,-1,-1,7,07T35@3,08T37@4,17,-1,-1,-1,4
369,T36,T36,7,1,33,1,-1,1,03T36@1,04T36@2,17,7,-1,-1,2
653,T35,T37,7,5,17,6,-1,6,05T35@2,06T37@3,17,7,-1,-1,3
127,OTHER,T36,7,1,10,0,-1,-1,SELLER,00T36@0,0,7,-1,-1,0
163,T22,OTHER,7,3,49,0,-1,-1,09T22@4,BUYER,0,7,-1,-1,5
165,T37,OTHER,7,4,49,0,-1,-1,08T37@4,BUYER,0,7,-1,-1,5
455,T36,T37,7,5,46,2,-1,2,04T36@2,06T37@3,17,7,-1,-1,3
723,T35,T37,7,5,8,-1,-1,7,01T35@0,02T37@1,17,-1,-1,-1,1
495,T35,T37,7,31,31,3,-1,3,05T35@2,06T37@3,2,7,-1,-1,3
675,T35,T37,7,11,18,-1,-1,6,07T35@3,08T37@4,17,-1,-1,-1,4
445,T35,T22,7,53,37,2,-1,2,07T35@3,09T22@4,2,7,-1,-1,4
540,T35,T37,7,52,37,-1,-1,3,07T35@3,08T37@4,2,-1,-1,-1,4
189,T22,OTHER,7,1,49,0,-1,-1,09T22@4,BUYER,0,7,-1,-1,5
187,T22,OTHER,7,1,49,0,-1,-1,09T22@4,BUYER,0,7,-1,-1,5
376,T36,T35,7,4,47,1,-1,1,04T36@2,07T35@3,17,7,-1,-1,3
55,OTHER,T35,7,2,10,0,-1,-1,SELLER,01T35@0,0,7,-1,-1,0
67,T22,OTHER,7,1,49,0,-1,-1,09T22@4,BUYER,0,7,-1,-1,5
418,T37,T22,7,3,55,2,-1,2,06T37@3,09T22@4,17,7,-1,-1,4
73,T22,OTHER,7,3,49,0,-1,-1,09T22@4,BUYER,0,7,-1,-1,5
80,OTHER,T35,7,1,10,0,-1,-1,SELLER,01T35@0,0,7,-1,-1,0
212,T22,OTHER,7,3,49,0,-1,-1,09T22@4,BUYER,0,7,-1,-1,5
103,OTHER,T35,7,2,10,0,-1,-1,SELLER,01T35@0,0,7,-1,-1,0
464,T37,T35,7,1,33,2,-1,2,02T37@1,05T35@2,17,7,-1,-1,2
209,OTHER,T35,7,3,10,0,-1,-1,SELLER,01T35@0,0,7,-1,-1,0
321,T37,T36,7,1,33,1,-1,1,02T37@1,04T36@2,17,7,-1,-1,2
196,OTHER,T36,7,2,10,0,-1,-1,SELLER,00T36@0,0,7,-1,-1,0
377,T36,T37,7,4,47,1,-1,1,04T36@2,06T37@3,17,7,-1,-1,3
298,T22,OTHER,8,4,49,-1,-1,-1,09T22@4,BUYER,0,-1,-1,-1,5
372,T37,T37,8,3,56,1,-1,1,06T37@3,08T37@4,17,8,-1,-1,4
379,T36,T35,8,1,33,1,-1,1,03T36@1,05T35@2,17,8,-1,-1,2
750,T35,T36,8,5,8,8,-1,8,01T35@0,03T36@1,17,8,-1,-1,1
371,T37,T36,8,1,33,1,-1,1,02T37@1,04T36@2,17,8,-1,-1,2
718,T35,T37,8,22,14,-1,-1,7,01T35@0,02T37@1,2,-1,-1,-1,1
575,T37,T22,8,6,37,4,-1,4,06T37@3,09T22@4,6,8,-1,-1,4
650,T35,T37,8,5,8,6,-1,6,01T35@0,02T37@1,17,8,-1,-1,1
491,T36,T36,8,12,20,3,-1,3,00T36@0,03T36@1,17,8,-1,-1,1
97,OTHER,T36,8,3,10,0,-1,-1,SELLER,00T36@0,0,8,-1,-1,0
96,OTHER,T36,8,2,10,0,-1,-1,SELLER,00T36@0,0,8,-1,-1,0
92,OTHER,T36,8,3,10,0,-1,-1,SELLER,00T36@0,0,8,-1,-1,0
89,T37,OTHER,8,2,49,0,-1,-1,08T37@4,BUYER,0,8,-1,-1,5
510,T37,T36,8,1,33,3,-1,3,02T37@1,04T36@2,17,8,-1,-1,2
511,T36,T35,8,1,33,3,-1,3,03T36@1,05T35@2,17,8,-1,-1,2
512,T35,T37,8,5,15,3,-1,3,05T35@2,06T37@3,17,8,-1,-1,3
514,T36,T37,8,8,31,3,-1,3,04T36@2,06T37@3,5,8,-1,-1,3
624,T35,T22,8,6,20,5,-1,5,07T35@3,09T22@4,17,8,-1,-1,4
517,T35,T37,8,9,20,3,-1,3,07T35@3,08T37@4,17,8,-1,-1,4
520,T35,T22,8,9,20,3,-1,3,07T35@3,09T22@4,17,8,-1,-1,4
649,T35,T36,8,5,7,6,-1,6,01T35@0,03T36@1,17,8,-1,-1,1
525,T37,T22,8,11,57,3,-1,3,06T37@3,09T22@4,17,8,-1,-1,4
529,T36,T35,8,5,46,3,-1,3,04T36@2,07T35@3,17,8,-1,-1,3
57,T37,OTHER,8,4,49,0,-1,-1,08T37@4,BUYER,0,8,-1,-1,5
53,OTHER,T35,8,2,10,0,-1,-1,SELLER,01T35@0,0,8,-1,-1,0
612,T35,T22,8,6,20,5,-1,5,07T35@3,09T22@4,17,8,-1,-1,4
608,T35,T37,8,5,7,5,-1,5,01T35@0,02T37@1,17,8,-1,-1,1
543,T36,T37,8,14,22,-1,-1,3,00T36@0,02T37@1,17,-1,-1,-1,1
546,T37,T37,8,8,20,-1,-1,3,06T37@3,08T37@4,17,-1,-1,-1,4
28,OTHER,T36,8,2,10,0,-1,-1,SELLER,00T36@0,0,8,-1,-1,0
558,T35,T37,8,5,7,4,-1,4,01T35@0,02T37@1,17,8,-1,-1,1
566,T37,T22,8,6,20,4,-1,4,06T37@3,09T22@4,17,8,-1,-1,4
4,OTHER,T35,8,2,10,0,-1,-1,SELLER,01T35@0,0,8,-1,-1,0
578,T35,T36,8,5,7,4,-1,4,01T35@0,03T36@1,17,8,-1,-1,1
620,T35,T36,8,5,8,5,-1,5,01T35@0,03T36@1,17,8,-1,-1,1
484,T36,T36,8,1,33,3,-1,3,03T36@1,04T36@2,17,8,-1,-1,2
344,T36,T36,8,1,33,1,-1,1,03T36@1,04T36@2,17,8,-1,-1,2
435,T36,T37,8,12,20,2,-1,2,00T36@0,02T37@1,17,8,-1,-1,1
665,T35,T22,8,6,18,6,-1,6,07T35@3,09T22@4,17,8,-1,-1,4
417,T35,T37,8,31,31,2,-1,2,05T35@2,06T37@3,2,8,-1,-1,3
224,T22,OTHER,8,2,49,0,-1,-1,09T22@4,BUYER,0,8,-1,-1,5
177,OTHER,T35,8,2,10,0,-1,-1,SELLER,01T35@0,0,8,-1,-1,0
174,T37,OTHER,8,1,49,0,-1,-1,08T37@4,BUYER,0,8,-1,-1,5
416,T35,T37,8,55,37,2,-1,2,07T35@3,08T37@4,2,8,-1,-1,4
707,T35,T22,8,9,18,7,-1,7,07T35@3,09T22@4,17,8,-1,-1,4
428,T35,T22,8,56,37,2,-1,2,07T35@3,09T22@4,2,8,-1,-1,4
159,T37,OTHER,8,2,49,0,-1,-1,08T37@4,BUYER,0,8,-1,-1,5
230,OTHER,T36,8,1,10,0,-1,-1,SELLER,00T36@0,0,8,-1,-1,0
461,T36,T37,8,14,22,2,-1,2,00T36@0,02T37@1,17,8,-1,-1,1
768,T36,T36,8,35,14,-1,-1,8,00T36@0,03T36@1,2,-1,-1,-1,1
251,T22,OTHER,8,3,49,0,-1,-1,09T22@4,BUYER,0,8,-1,-1,5
763,T35,T37,8,5,17,-1,-1,8,05T35@2,06T37@3,17,-1,-1,-1,3
669,T35,T37,8,5,17,6,-1,6,05T35@2,06T37@3,17,8,-1,-1,3
255,T22,OTHER,8,1,49,0,-1,-1,09T22@4,BUYER,0,8,-1,-1,5
158,OTHER,T36,8,3,10,0,-1,-1,SELLER,00T36@0,0,8,-1,-1,0
204,T37,OTHER,8,1,49,0,-1,-1,08T37@4,BUYER,0,8,-1,-1,5
710,T35,T22,9,9,18,7,-1,7,07T35@3,09T22@4,17,9,-1,-1,4
614,T35,T36,9,5,7,5,-1,5,01T35@0,03T36@1,17,9,-1,-1,1
699,T35,T22,9,6,20,7,-1,7,07T35@3,09T22@4,17,9,-1,-1,4
713,T35,T36,9,5,7,7,-1,7,01T35@0,03T36@1,17,9,-1,-1,1
356,T37,T22,9,3,56,1,-1,1,06T37@3,09T22@4,17,9,-1,-1,4
662,T35,T36,9,5,7,6,-1,6,01T35@0,03T36@1,17,9,-1,-1,1
687,T35,T37,9,5,7,7,-1,7,01T35@0,02T37@1,17,9,-1,-1,1
657,T36,T35,9,17,32,6,-1,6,03T36@1,05T35@2,17,9,-1,-1,2
655,T35,T37,9,21,14,6,-1,6,01T35@0,02T37@1,2,9,-1,-1,1
485,T36,T36,9,13,22,3,-1,3,00T36@0,03T36@1,17,9,-1,-1,1
716,T35,T36,9,5,8,7,-1,7,01T35@0,03T36@1,17,9,-1,-1,1
463,T36,T36,9,27,32,2,-1,2,03T36@1,04T36@2,17,9,-1,-1,2
500,T36,T37,9,5,15,3,-1,3,04T36@2,06T37@3,17,9,-1,-1,3
621,T35,T35,9,39,17,5,-1,5,05T35@2,07T35@3,17,9,-1,-1,3
504,T35,T37,9,10,20,3,-1,3,07T35@3,08T37@4,17,9,-1,-1,4
671,T35,T36,9,5,7,6,-1,6,01T35@0,03T36@1,17,9,-1,-1,1
633,T37,T22,9,9,37,-1,-1,5,06T37@3,09T22@4,2,-1,-1,-1,4
449,T35,T37,9,61,37,2,-1,2,07T35@3,08T37@4,2,9,-1,-1,4
443,T35,T22,9,58,37,2,-1,2,07T35@3,09T22@4,2,9,-1,-1,4
440,T35,T36,9,21,14,2,-1,2,01T35@0,03T36@1,2,9,-1,-1,1
432,T35,T37,9,31,31,2,-1,2,05T35@2,06T37@3,2,9,-1,-1,3
506,T35,T37,9,5,15,3,-1,3,05T35@2,06T37@3,17,9,-1,-1,3
715,T35,T36,9,5,7,7,-1,7,01T35@0,03T36@1,17,9,-1,-1,1
287,T22,OTHER,9,2,49,-1,-1,-1,09T22@4,BUYER,0,-1,-1,-1,5
162,OTHER,T35,9,2,10,0,-1,-1,SELLER,01T35@0,0,9,-1,-1,0
749,T35,T22,9,11,18,8,-1,8,07T35@3,09T22@4,17,9,-1,-1,4
290,T22,OTHER,9,1,49,-1,-1,-1,09T22@4,BUYER,0,-1,-1,-1,5
59,T22,OTHER,9,1,49,0,-1,-1,09T22@4,BUYER,0,9,-1,-1,5
752,T35,T37,9,5,8,8,-1,8,01T35@0,02T37@1,17,9,-1,-1,1
760,T37,T22,9,6,18,-1,-1,8,06T37@3,09T22@4,17,-1,-1,-1,4
82,T37,OTHER,9,3,49,0,-1,-1,08T37@4,BUYER,0,9,-1,-1,5
761,T37,T37,9,6,18,-1,-1,8,06T37@3,08T37@4,17,-1,-1,-1,4
764,T36,T37,9,5,17,-1,-1,8,04T36@2,06T37@3,17,-1,-1,-1,3
90,OTHER,T35,9,1,10,0,-1,-1,SELLER,01T35@0,0,9,-1,-1,0
104,OTHER,T36,9,2,10,0,-1,-1,SELLER,00T36@0,0,9,-1,-1,0
235,T37,OTHER,9,2,49,0,-1,-1,08T37@4,BUYER,0,9,-1,-1,5
105,OTHER,T35,9,1,10,0,-1,-1,SELLER,01T35@0,0,9,-1,-1,0
109,OTHER,T35,9,1,10,0,-1,-1,SELLER,01T35@0,0,9,-1,-1,0
223,OTHER,T35,9,2,10,0,-1,-1,SELLER,01T35@0,0,9,-1,-1,0
791,T35,T22,9,9,18,9,-1,9,07T35@3,09T22@4,17,9,-1,-1,4
115,T22,OTHER,9,1,49,0,-1,-1,09T22@4,BUYER,0,9,-1,-1,5
203,OTHER,T35,9,1,10,0,-1,-1,SELLER,01T35@0,0,9,-1,-1,0
131,OTHER,T35,9,3,10,0,-1,-1,SELLER,01T35@0,0,9,-1,-1,0
142,OTHER,T35,9,3,10,0,-1,-1,SELLER,01T35@0,0,9,-1,-1,0
733,T35,T36,9,5,8,8,-1,8,01T35@0,03T36@1,17,9,-1,-1,1
800,T35,T36,9,1,7,9,-1,9,01T35@0,03T36@1,18,9,-1,-1,1
811,T35,T37,9,1,7,-1,-1,9,01T35@0,02T37@1,18,-1,-1,-1,1
810,T35,T37,9,5,17,-1,-1,9,05T35@2,06T37@3,17,-1,-1,-1,3
292,T22,OTHER,9,1,49,-1,-1,-1,09T22@4,BUYER,0,-1,-1,-1,5
293,T22,OTHER,9,2,49,-1,-1,-1,09T22@4,BUYER,0,-1,-1,-1,5
762,T37,T22,9,6,18,-1,-1,8,06T37@3,09T22@4,17,-1,-1,-1,4
744,T35,T37,9,5,7,8,-1,8,01T35@0,02T37@1,17,9,-1,-1,1
331,T36,T37,9,4,47,1,-1,1,04T36@2,06T37@3,17,9,-1,-1,3
304,T36,T35,9,4,47,1,-1,1,04T36@2,07T35@3,17,9,-1,-1,3
310,T37,T37,9,3,56,1,-1,1,06T37@3,08T37@4,17,9,-1,-1,4
27,OTHER,T35,9,1,10,0,-1,-1,SELLER,01T35@0,0,9,-1,-1,0
39,T37,OTHER,9,2,49,0,-1,-1,08T37@4,BUYER,0,9,-1,-1,5
29,OTHER,T36,9,3,10,0,-1,-1,SELLER,00T36@0,0,9,-1,-1,0
738,T35,T22,9,6,18,8,-1,8,07T35@3,09T22@4,17,9,-1,-1,4
296,T22,OTHER,9,1,49,-1,-1,-1,09T22@4,BUYER,0,-1,-1,-1,5
2,T22,OTHER,9,4,49,0,-1,-1,09T22@4,BUYER,0,9,-1,-1,5
606,T36,T35,10,17,32,5,-1,5,03T36@1,05T35@2,17,10,-1,-1,2
496,T35,T37,10,1,15,3,-1,3,05T35@2,06T37@3,17,10,-1,-1,3
739,T35,T36,10,5,7,8,-1,8,01T35@0,03T36@1,17,10,-1,-1,1
241,OTHER,T35,10,4,10,0,-1,-1,SELLER,01T35@0,0,10,-1,-1,0
220,OTHER,T35,10,1,10,0,-1,-1,SELLER,01T35@0,0,10,-1,-1,0
421,T35,T37,10,31,31,2,-1,2,05T35@2,06T37@3,2,10,-1,-1,3
210,T37,OTHER,10,2,49,0,-1,-1,08T37@4,BUYER,0,10,-1,-1,5
429,T36,T35,10,27,34,2,-1,2,03T36@1,05T35@2,17,10,-1,-1,2
207,T22,OTHER,10,1,49,0,-1,-1,09T22@4,BUYER,0,10,-1,-1,5
10,OTHER,T35,10,3,10,0,-1,-1,SELLER,01T35@0,0,10,-1,-1,0
838,T35,T22,10,9,18,10,-1,10,07T35@3,09T22@4,17,-1,-1,-1,4
197,OTHER,T36,10,3,10,0,-1,-1,SELLER,00T36@0,0,10,-1,-1,0
833,T36,T36,10,5,8,10,-1,10,00T36@0,03T36@1,17,10,-1,-1,1
436,T35,T36,10,23,14,2,-1,2,01T35@0,03T36@1,2,10,-1,-1,1
136,T37,OTHER,10,1,49,0,-1,-1,08T37@4,BUYER,0,10,-1,-1,5
439,T35,T22,10,62,37,2,-1,2,07T35@3,09T22@4,2,10,-1,-1,4
582,T35,T37,10,5,15,4,-1,4,05T35@2,06T37@3,17,10,-1,-1,3
571,T37,T36,10,31,34,4,-1,4,02T37@1,04T36@2,17,10,-1,-1,2
181,T22,OTHER,10,2,49,0,-1,-1,09T22@4,BUYER,0,10,-1,-1,5
844,T35,T37,10,5,17,-1,-1,10,05T35@2,06T37@3,17,-1,-1,-1,3
244,OTHER,T36,10,1,10,0,-1,-1,SELLER,00T36@0,0,10,-1,-1,0
451,T35,T37,10,68,37,2,-1,2,07T35@3,08T37@4,2,-1,-1,-1,4
626,T37,T22,10,3,55,-1,-1,5,06T37@3,09T22@4,17,-1,-1,-1,4
279,T37,OTHER,10,4,49,0,-1,-1,08T37@4,BUYER,0,10,-1,-1,5
380,T37,T37,10,3,56,1,-1,1,06T37@3,08T37@4,17,10,-1,-1,4
58,OTHER,T36,10,4,10,0,-1,-1,SELLER,00T36@0,0,10,-1,-1,0
79,OTHER,T36,10,2,10,0,-1,-1,SELLER,00T36@0,0,10,-1,-1,0
66,OTHER,T35,10,1,10,0,-1,-1,SELLER,01T35@0,0,10,-1,-1,0
305,T36,T36,10,1,33,1,-1,1,03T36@1,04T36@2,17,10,-1,-1,2
286,T22,OTHER,10,4,49,-1,-1,-1,09T22@4,BUYER,0,-1,-1,-1,5
50,T37,OTHER,10,2,49,0,-1,-1,08T37@4,BUYER,0,10,-1,-1,5
856,T37,T22,10,9,18,-1,-1,10,06T37@3,09T22@4,17,-1,-1,-1,4
807,T35,T22,10,6,20,9,-1,9,07T35@3,09T22@4,17,-1,-1,-1,4
93,T37,OTHER,10,4,49,0,-1,-1,08T37@4,BUYER,0,10,-1,-1,5
254,OTHER,T35,10,1,10,0,-1,-1,SELLER,01T35@0,0,10,-1,-1,0
368,T37,T35,10,1,33,1,-1,1,02T37@1,05T35@2,17,10,-1,-1,2
857,T36,T36,10,5,8,-1,-1,10,00T36@0,03T36@1,17,-1,-1,-1,1
309,T36,T35,10,1,33,1,-1,1,03T36@1,05T35@2,17,10,-1,-1,2
855,T36,T37,10,5,8,-1,-1,10,00T36@0,02T37@1,17,-1,-1,-1,1
530,T36,T36,11,14,20,3,-1,3,00T36@0,03T36@1,17,11,-1,-1,1
660,T37,T36,11,1,33,6,-1,6,02T37@1,04T36@2,17,11,-1,-1,2
505,T35,T36,11,19,14,3,-1,3,01T35@0,03T36@1,7,11,-1,-1,1
143,T37,OTHER,11,2,49,0,-1,-1,08T37@4,BUYER,0,11,-1,-1,5
144,T22,OTHER,11,2,49,0,-1,-1,09T22@4,BUYER,0,11,-1,-1,5
166,OTHER,T35,11,1,10,0,-1,-1,SELLER,01T35@0,0,11,-1,-1,0
883,T35,T37,11,1,16,-1,-1,11,05T35@2,06T37@3,17,-1,-1,-1,3
45,OTHER,T35,11,2,10,0,-1,-1,SELLER,01T35@0,0,11,-1,-1,0
579,T35,T37,11,10,31,4,-1,4,05T35@2,06T37@3,6,11,-1,-1,3
138,T37,OTHER,11,1,49,0,-1,-1,08T37@4,BUYER,0,11,-1,-1,5
528,T36,T37,11,16,20,3,-1,3,00T36@0,02T37@1,17,11,-1,-1,1
889,T37,T22,11,50,37,-1,-1,11,06T37@3,09T22@4,2,-1,-1,-1,4
5,T37,OTHER,11,2,49,0,-1,-1,08T37@4,BUYER,0,11,-1,-1,5
94,OTHER,T36,11,3,10,0,-1,-1,SELLER,00T36@0,0,11,-1,-1,0
502,T35,T37,11,23,14,3,-1,3,01T35@0,02T37@1,2,11,-1,-1,1
88,T37,OTHER,11,3,49,0,-1,-1,08T37@4,BUYER,0,11,-1,-1,5
596,T35,T37,11,5,15,5,-1,5,05T35@2,06T37@3,17,11,-1,-1,3
108,OTHER,T35,11,1,10,0,-1,-1,SELLER,01T35@0,0,11,-1,-1,0
112,OTHER,T35,11,1,10,0,-1,-1,SELLER,01T35@0,0,11,-1,-1,0
38,T37,OTHER,11,1,49,0,-1,-1,08T37@4,BUYER,0,11,-1,-1,5
493,T35,T36,11,23,14,3,-1,3,01T35@0,03T36@1,2,11,-1,-1,1
645,T36,T35,11,1,33,6,-1,6,03T36@1,05T35@2,17,11,-1,-1,2
516,T35,T22,11,60,37,3,-1,3,07T35@3,09T22@4,2,-1,-1,-1,4
113,OTHER,T35,11,5,10,0,-1,-1,SELLER,01T35@0,0,11,-1,-1,0
119,T22,OTHER,11,1,49,0,-1,-1,09T22@4,BUYER,0,11,-1,-1,5
842,T35,T22,11,6,20,10,-1,10,07T35@3,09T22@4,17,-1,-1,-1,4
861,T35,T36,11,1,8,11,-1,11,01T35@0,03T36@1,18,11,-1,-1,1
893,T35,T37,11,1,8,-1,-1,11,01T35@0,02T37@1,18,-1,-1,-1,1
611,T35,T22,11,9,20,5,-1,5,07T35@3,09T22@4,17,-1,-1,-1,4
604,T36,T35,11,32,45,5,-1,5,04T36@2,07T35@3,17,-1,-1,-1,3
257,T22,OTHER,11,1,49,0,-1,-1,09T22@4,BUYER,0,11,-1,-1,5
240,T37,OTHER,11,1,49,0,-1,-1,08T37@4,BUYER,0,11,-1,-1,5
766,T37,T22,11,6,37,-1,-1,8,06T37@3,09T22@4,2,-1,-1,-1,4
420,T36,T37,11,16,20,2,-1,2,00T36@0,02T37@1,17,11,-1,-1,1
218,OTHER,T36,11,1,10,0,-1,-1,SELLER,00T36@0,0,11,-1,-1,0
248,OTHER,T35,11,1,10,0,-1,-1,SELLER,01T35@0,0,11,-1,-1,0
264,T22,OTHER,11,2,49,0,-1,-1,09T22@4,BUYER,0,11,-1,-1,5
697,T36,T37,11,5,15,7,-1,7,04T36@2,06T37@3,17,11,-1,-1,3
275,OTHER,T36,11,3,10,0,-1,-1,SELLER,00T36@0,0,11,-1,-1,0
794,T35,T37,11,5,7,9,-1,9,01T35@0,02T37@1,17,11,-1,-1,1
717,T35,T37,11,5,15,7,-1,7,05T35@2,06T37@3,17,11,-1,-1,3
201,OTHER,T36,11,2,10,0,-1,-1,SELLER,00T36@0,0,11,-1,-1,0
798,T35,T36,11,5,7,9,-1,9,01T35@0,03T36@1,17,11,-1,-1,1
193,T37,OTHER,11,1,49,0,-1,-1,08T37@4,BUYER,0,11,-1,-1,5
681,T37,T22,11,1,55,-1,-1,6,06T37@3,09T22@4,17,-1,-1,-1,4
294,T22,OTHER,11,3,49,-1,-1,-1,09T22@4,BUYER,0,-1,-1,-1,5
360,T36,T35,11,1,33,1,-1,1,03T36@1,05T35@2,17,11,-1,-1,2
736,T35,T22,11,8,20,8,-1,8,07T35@3,09T22@4,17,-1,-1,-1,4
448,T35,T37,11,31,31,2,-1,2,05T35@2,06T37@3,2,11,-1,-1,3
335,T36,T37,11,4,47,1,-1,1,04T36@2,06T37@3,17,11,-1,-1,3
729,T35,T22,11,9,18,8,-1,8,07T35@3,09T22@4,17,-1,-1,-1,4
334,T37,T22,11,3,56,1,-1,1,06T37@3,09T22@4,17,11,-1,-1,4
355,T37,T36,11,1,33,1,-1,1,02T37@1,04T36@2,17,11,-1,-1,2
742,T35,T35,11,11,17,8,-1,8,05T35@2,07T35@3,17,-1,-1,-1,3
312,T36,T36,11,16,20,1,-1,1,00T36@0,03T36@1,17,11,-1,-1,1
442,T35,T37,11,68,37,2,-1,2,07T35@3,08T37@4,2,-1,-1,-1,4
789,T35,T36,11,5,7,9,-1,9,01T35@0,03T36@1,17,11,-1,-1,1
62,T22,OTHER,12,2,49,0,-1,-1,09T22@4,BUYER,0,12,-1,-1,5
878,T35,T36,12,5,7,11,-1,11,01T35@0,03T36@1,17,12,-1,-1,1
44,T22,OTHER,12,1,49,0,-1,-1,09T22@4,BUYER,0,12,-1,-1,5
297,T22,OTHER,12,2,49,-1,-1,-1,09T22@4,BUYER,0,-1,-1,-1,5
46,T37,OTHER,12,2,49,0,-1,-1,08T37@4,BUYER,0,12,-1,-1,5
301,T22,OTHER,12,1,49,-1,-1,-1,09T22@4,BUYER,0,-1,-1,-1,5
250,OTHER,T36,12,2,10,0,-1,-1,SELLER,00T36@0,0,12,-1,-1,0
263,OTHER,T36,12,1,10,0,-1,-1,SELLER,00T36@0,0,12,-1,-1,0
17,T37,OTHER,12,4,49,0,-1,-1,08T37@4,BUYER,0,12,-1,-1,5
770,T37,T22,12,9,20,-1,-1,8,06T37@3,09T22@4,17,-1,-1,-1,4
51,OTHER,T35,12,1,10,0,-1,-1,SELLER,01T35@0,0,12,-1,-1,0
52,OTHER,T35,12,3,10,0,-1,-1,SELLER,01T35@0,0,12,-1,-1,0
276,OTHER,T36,12,3,10,0,-1,-1,SELLER,00T36@0,0,12,-1,-1,0
720,T37,T35,12,36,34,-1,-1,7,02T37@1,05T35@2,17,-1,-1,-1,2
65,OTHER,T35,12,5,10,0,-1,-1,SELLER,01T35@0,0,12,-1,-1,0
599,T35,T37,12,11,20,5,-1,5,07T35@3,08T37@4,17,-1,-1,-1,4
284,T22,OTHER,12,2,49,-1,-1,-1,09T22@4,BUYER,0,-1,-1,-1,5
40,T22,OTHER,12,2,49,0,-1,-1,09T22@4,BUYER,0,12,-1,-1,5
452,T35,T37,12,31,31,2,-1,2,05T35@2,06T37@3,2,12,-1,-1,3
706,T36,T35,12,34,34,7,-1,7,03T36@1,05T35@2,17,12,-1,-1,2
180,OTHER,T36,12,1,10,0,-1,-1,SELLER,00T36@0,0,12,-1,-1,0
458,T37,T37,12,3,56,2,-1,2,06T37@3,08T37@4,17,12,-1,-1,4
191,OTHER,T36,12,1,10,0,-1,-1,SELLER,00T36@0,0,12,-1,-1,0
155,T37,OTHER,12,2,49,0,-1,-1,08T37@4,BUYER,0,12,-1,-1,5
462,T35,T37,12,67,37,2,-1,2,07T35@3,08T37@4,2,-1,-1,-1,4
820,T35,T22,12,9,18,10,-1,10,07T35@3,09T22@4,17,-1,-1,-1,4
146,T22,OTHER,12,1,49,0,-1,-1,09T22@4,BUYER,0,12,-1,-1,5
828,T35,T37,12,1,16,10,-1,10,05T35@2,06T37@3,17,12,-1,-1,3
438,T36,T35,12,5,47,2,-1,2,04T36@2,07T35@3,17,-1,-1,-1,3
684,T36,T37,12,5,46,7,-1,7,04T36@2,06T37@3,17,12,-1,-1,3
475,T35,T22,12,55,37,-1,-1,2,07T35@3,09T22@4,2,-1,-1,-1,4
836,T35,T37,12,5,7,10,-1,10,01T35@0,02T37@1,17,12,-1,-1,1
130,T37,OTHER,12,1,49,0,-1,-1,08T37@4,BUYER,0,12,-1,-1,5
796,T35,T37,12,5,15,9,-1,9,05T35@2,06T37@3,17,12,-1,-1,3
211,OTHER,T36,12,1,10,0,-1,-1,SELLER,00T36@0,0,12,-1,-1,0
686,T37,T36,12,36,34,7,-1,7,02T37@1,04T36@2,17,12,-1,-1,2
648,T35,T22,12,9,20,6,-1,6,07T35@3,09T22@4,17,-1,-1,-1,4
226,OTHER,T36,12,2,10,0,-1,-1,SELLER,00T36@0,0,12,-1,-1,0
877,T35,T37,13,5,7,11,-1,11,01T35@0,02T37@1,17,13,-1,-1,1
508,T37,T35,13,1,33,3,-1,3,02T37@1,05T35@2,17,13,-1,-1,2
747,T37,T22,13,10,57,8,-1,8,06T37@3,09T22@4,17,13,-1,-1,4
299,T22,OTHER,13,2,49,-1,-1,-1,09T22@4,BUYER,0,-1,-1,-1,5
300,T22,OTHER,13,2,49,-1,-1,-1,09T22@4,BUYER,0,-1,-1,-1,5
147,OTHER,T36,13,2,10,0,-1,-1,SELLER,00T36@0,0,13,-1,-1,0
242,OTHER,T36,13,2,10,0,-1,-1,SELLER,00T36@0,0,13,-1,-1,0
746,T35,T22,13,9,20,8,-1,8,07T35@3,09T22@4,17,-1,-1,-1,4
289,T22,OTHER,13,1,49,-1,-1,-1,09T22@4,BUYER,0,-1,-1,-1,5
802,T35,T37,13,10,20,9,-1,9,07T35@3,08T37@4,17,-1,-1,-1,4
701,T36,T37,13,14,22,7,-1,7,00T36@0,02T37@1,17,13,-1,-1,1
779,T35,T22,13,9,20,9,-1,9,07T35@3,09T22@4,17,-1,-1,-1,4
940,T35,T37,13,1,16,-1,-1,13,05T35@2,06T37@3,17,-1,-1,-1,3
943,T35,T37,13,5,8,-1,-1,13,01T35@0,02T37@1,17,-1,-1,-1,1
951,T35,T37,13,5,17,-1,-1,13,05T35@2,06T37@3,17,-1,-1,-1,3
727,T36,T37,13,16,22,8,-1,8,00T36@0,02T37@1,17,13,-1,-1,1
168,T37,OTHER,13,2,49,0,-1,-1,08T37@4,BUYER,0,13,-1,-1,5
182,OTHER,T35,13,1,10,0,-1,-1,SELLER,01T35@0,0,13,-1,-1,0
731,T36,T35,13,1,33,8,-1,8,03T36@1,05T35@2,17,13,-1,-1,2
643,T35,T22,13,26,37,6,-1,6,07T35@3,09T22@4,2,-1,-1,-1,4
31,OTHER,T35,13,3,10,0,-1,-1,SELLER,01T35@0,0,13,-1,-1,0
140,OTHER,T36,13,1,10,0,-1,-1,SELLER,00T36@0,0,13,-1,-1,0
732,T35,T37,13,11,20,8,-1,8,07T35@3,08T37@4,17,-1,-1,-1,4
755,T36,T37,13,14,22,8,-1,8,00T36@0,02T37@1,17,13,-1,-1,1
111,OTHER,T35,13,1,10,0,-1,-1,SELLER,01T35@0,0,13,-1,-1,0
524,T35,T37,13,58,37,3,-1,3,07T35@3,08T37@4,2,-1,-1,-1,4
281,T22,OTHER,13,1,49,-1,-1,-1,09T22@4,BUYER,0,-1,-1,-1,5
839,T36,T36,13,16,22,10,-1,10,00T36@0,03T36@1,17,13,-1,-1,1
85,T37,OTHER,13,3,49,0,-1,-1,08T37@4,BUYER,0,13,-1,-1,5
199,OTHER,T35,13,1,10,0,-1,-1,SELLER,01T35@0,0,13,-1,-1,0
69,OTHER,T36,13,2,10,0,-1,-1,SELLER,00T36@0,0,13,-1,-1,0
75,OTHER,T35,13,1,10,0,-1,-1,SELLER,01T35@0,0,13,-1,-1,0
277,OTHER,T35,13,4,10,0,-1,-1,SELLER,01T35@0,0,13,-1,-1,0
60,T22,OTHER,13,5,49,0,-1,-1,09T22@4,BUYER,0,13,-1,-1,5
83,OTHER,T35,13,1,10,0,-1,-1,SELLER,01T35@0,0,13,-1,-1,0
118,OTHER,T35,13,1,10,0,-1,-1,SELLER,01T35@0,0,13,-1,-1,0
577,T37,T35,13,31,32,4,-1,4,02T37@1,05T35@2,17,13,-1,-1,2
54,T37,OTHER,13,2,49,0,-1,-1,08T37@4,BUYER,0,13,-1,-1,5
285,T22,OTHER,13,2,49,-1,-1,-1,09T22@4,BUYER,0,-1,-1,-1,5
864,T35,T37,13,5,7,11,-1,11,01T35@0,02T37@1,17,13,-1,-1,1
974,T35,T37,14,5,8,-1,-1,14,01T35@0,02T37@1,17,-1,-1,-1,1
969,T35,T37,14,5,17,-1,-1,14,05T35@2,06T37@3,17,-1,-1,-1,3
787,T36,T35,14,1,33,9,-1,9,03T36@1,05T35@2,17,14,-1,-1,2
980,T35,T37,14,5,8,-1,-1,14,01T35@0,02T37@1,17,-1,-1,-1,1
813,T35,T37,14,5,15,10,-1,10,05T35@2,06T37@3,17,14,-1,-1,3
830,T35,T37,14,10,20,10,-1,10,07T35@3,08T37@4,17,-1,-1,-1,4
900,T35,T37,14,1,16,12,-1,12,05T35@2,06T37@3,17,14,-1,-1,3
897,T35,T37,14,5,7,12,-1,12,01T35@0,02T37@1,17,14,-1,-1,1
840,T35,T22,14,5,20,10,-1,10,07T35@3,09T22@4,17,-1,-1,-1,4
848,T37,T37,14,10,20,-1,-1,10,06T37@3,08T37@4,17,-1,-1,-1,4
888,T37,T35,14,37,34,-1,-1,11,02T37@1,05T35@2,17,-1,-1,-1,2
875,T35,T37,14,5,15,11,-1,11,05T35@2,06T37@3,17,14,-1,-1,3
711,T35,T22,14,11,20,7,-1,7,07T35@3,09T22@4,17,-1,-1,-1,4
845,T37,T22,14,9,37,-1,-1,10,06T37@3,09T22@4,2,-1,-1,-1,4
616,T36,T35,14,17,34,5,-1,5,03T36@1,05T35@2,17,14,-1,-1,2
647,T36,T35,14,37,45,6,-1,6,04T36@2,07T35@3,17,-1,-1,-1,3
852,T37,T37,14,9,37,-1,-1,10,06T37@3,08T37@4,2,-1,-1,-1,4
912,T35,T37,14,5,7,12,-1,12,01T35@0,02T37@1,17,14,-1,-1,1
799,T37,T22,14,3,55,9,-1,9,06T37@3,09T22@4,17,14,-1,-1,4
0,OTHER,T35,14,1,10,0,-1,-1,SELLER,01T35@0,0,14,-1,-1,0
576,T36,T35,14,4,47,4,-1,4,04T36@2,07T35@3,17,-1,-1,-1,3
132,OTHER,T36,14,2,10,0,-1,-1,SELLER,00T36@0,0,14,-1,-1,0
134,T37,OTHER,14,2,49,0,-1,-1,08T37@4,BUYER,0,14,-1,-1,5
61,OTHER,T36,14,2,10,0,-1,-1,SELLER,00T36@0,0,14,-1,-1,0
6,OTHER,T36,14,1,10,0,-1,-1,SELLER,00T36@0,0,14,-1,-1,0
34,T22,OTHER,14,1,49,0,-1,-1,09T22@4,BUYER,0,14,-1,-1,5
295,T22,OTHER,14,3,49,-1,-1,-1,09T22@4,BUYER,0,-1,-1,-1,5
554,T36,T35,14,17,34,4,-1,4,03T36@1,05T35@2,17,14,-1,-1,2
288,T22,OTHER,14,2,49,-1,-1,-1,09T22@4,BUYER,0,-1,-1,-1,5
559,T35,T22,14,39,37,4,-1,4,07T35@3,09T22@4,2,-1,-1,-1,4
283,T22,OTHER,14,1,49,-1,-1,-1,09T22@4,BUYER,0,-1,-1,-1,5
169,T37,OTHER,14,4,49,0,-1,-1,08T37@4,BUYER,0,14,-1,-1,5
175,OTHER,T36,14,2,10,0,-1,-1,SELLER,00T36@0,0,14,-1,-1,0
77,T22,OTHER,14,3,49,0,-1,-1,09T22@4,BUYER,0,14,-1,-1,5
22,OTHER,T35,14,1,10,0,-1,-1,SELLER,01T35@0,0,14,-1,-1,0
7,T37,OTHER,14,2,49,0,-1,-1,08T37@4,BUYER,0,14,-1,-1,5
208,OTHER,T35,14,3,10,0,-1,-1,SELLER,01T35@0,0,14,-1,-1,0
236,T37,OTHER,14,1,49,0,-1,-1,08T37@4,BUYER,0,14,-1,-1,5
24,T22,OTHER,14,1,49,0,-1,-1,09T22@4,BUYER,0,14,-1,-1,5
19,OTHER,T35,14,1,10,0,-1,-1,SELLER,01T35@0,0,14,-1,-1,0
243,OTHER,T35,14,3,10,0,-1,-1,SELLER,01T35@0,0,14,-1,-1,0
249,OTHER,T35,14,1,10,0,-1,-1,SELLER,01T35@0,0,14,-1,-1,0
253,OTHER,T36,14,2,10,0,-1,-1,SELLER,00T36@0,0,14,-1,-1,0
256,OTHER,T36,14,1,10,0,-1,-1,SELLER,00T36@0,0,14,-1,-1,0
33,OTHER,T35,15,4,10,0,-1,-1,SELLER,01T35@0,0,15,-1,-1,0
929,T35,T37,15,5,7,13,-1,13,01T35@0,02T37@1,17,15,-1,-1,1
11,OTHER,T36,15,1,10,0,-1,-1,SELLER,00T36@0,0,15,-1,-1,0
863,T35,T37,15,5,15,11,-1,11,05T35@2,06T37@3,17,15,-1,-1,3
76,T37,OTHER,15,1,49,0,-1,-1,08T37@4,BUYER,0,15,-1,-1,5
70,T22,OTHER,15,1,49,0,-1,-1,09T22@4,BUYER,0,15,-1,-1,5
902,T35,T37,15,5,15,12,-1,12,05T35@2,06T37@3,17,15,-1,-1,3
26,T37,OTHER,15,1,49,0,-1,-1,08T37@4,BUYER,0,15,-1,-1,5
822,T36,T37,15,15,22,10,-1,10,00T36@0,02T37@1,17,15,-1,-1,1
117,T37,OTHER,15,1,49,0,-1,-1,08T37@4,BUYER,0,15,-1,-1,5
124,OTHER,T35,15,1,10,0,-1,-1,SELLER,01T35@0,0,15,-1,-1,0
133,OTHER,T36,15,2,10,0,-1,-1,SELLER,00T36@0,0,15,-1,-1,0
139,T22,OTHER,15,2,49,0,-1,-1,09T22@4,BUYER,0,15,-1,-1,5
821,T37,T35,15,1,33,10,-1,10,02T37@1,05T35@2,17,15,-1,-1,2
816,T36,T36,15,12,22,10,-1,10,00T36@0,03T36@1,17,15,-1,-1,1
171,OTHER,T36,15,3,10,0,-1,-1,SELLER,00T36@0,0,15,-1,-1,0
280,T22,OTHER,15,5,49,-1,-1,-1,09T22@4,BUYER,0,-1,-1,-1,5
258,T22,OTHER,15,1,49,0,-1,-1,09T22@4,BUYER,0,15,-1,-1,5
185,T37,OTHER,15,3,49,0,-1,-1,08T37@4,BUYER,0,15,-1,-1,5
246,T22,OTHER,15,1,49,0,-1,-1,09T22@4,BUYER,0,15,-1,-1,5
205,T37,OTHER,15,2,49,0,-1,-1,08T37@4,BUYER,0,15,-1,-1,5
229,OTHER,T35,15,5,10,0,-1,-1,SELLER,01T35@0,0,15,-1,-1,0
234,T37,OTHER,15,2,49,0,-1,-1,08T37@4,BUYER,0,15,-1,-1,5
87,OTHER,T36,15,2,10,0,-1,-1,SELLER,00T36@0,0,15,-1,-1,0
3,OTHER,T35,15,2,10,0,-1,-1,SELLER,01T35@0,0,15,-1,-1,0
782,T35,T22,15,9,20,9,-1,9,07T35@3,09T22@4,17,-1,-1,-1,4
609,T36,T36,15,10,20,5,-1,5,00T36@0,03T36@1,17,15,-1,-1,1
619,T36,T36,15,17,34,5,-1,5,03T36@1,04T36@2,17,15,-1,-1,2
1011,T35,T37,15,19,8,-1,-1,15,01T35@0,02T37@1,17,-1,-1,-1,1
1017,T37,T35,15,67,22,-1,-1,15,02T37@1,05T35@2,2,-1,-1,-1,2
48,OTHER,T36,16,3,10,0,-1,-1,SELLER,00T36@0,0,16,-1,-1,0
656,T37,T35,16,1,33,6,-1,6,02T37@1,05T35@2,17,16,-1,-1,2
1050,T35,T37,16,5,17,-1,-1,16,05T35@2,06T37@3,17,-1,-1,-1,3
659,T36,T36,16,1,33,6,-1,6,03T36@1,04T36@2,17,16,-1,-1,2
120,OTHER,T36,16,2,10,0,-1,-1,SELLER,00T36@0,0,16,-1,-1,0
730,T36,T36,16,14,20,8,-1,8,00T36@0,03T36@1,17,16,-1,-1,1
41,OTHER,T36,16,3,10,0,-1,-1,SELLER,00T36@0,0,16,-1,-1,0
231,T37,OTHER,16,1,49,0,-1,-1,08T37@4,BUYER,0,16,-1,-1,5
1053,T35,T37,16,1,8,-1,-1,16,01T35@0,02T37@1,18,-1,-1,-1,1
680,T37,T22,16,52,37,-1,-1,6,06T37@3,09T22@4,2,-1,-1,-1,4
867,T36,T36,16,5,12,11,-1,11,03T36@1,04T36@2,17,16,-1,-1,2
68,T22,OTHER,16,1,49,0,-1,-1,09T22@4,BUYER,0,16,-1,-1,5
129,OTHER,T35,16,2,10,0,-1,-1,SELLER,01T35@0,0,16,-1,-1,0
71,OTHER,T36,16,2,10,0,-1,-1,SELLER,00T36@0,0,16,-1,-1,0
123,OTHER,T36,16,1,10,0,-1,-1,SELLER,00T36@0,0,16,-1,-1,0
100,OTHER,T36,16,1,10,0,-1,-1,SELLER,00T36@0,0,16,-1,-1,0
43,T37,OTHER,16,4,49,0,-1,-1,08T37@4,BUYER,0,16,-1,-1,5
154,OTHER,T36,16,1,10,0,-1,-1,SELLER,00T36@0,0,16,-1,-1,0
114,OTHER,T35,16,1,10,0,-1,-1,SELLER,01T35@0,0,16,-1,-1,0
1005,T35,T37,16,5,7,15,-1,15,01T35@0,02T37@1,17,16,-1,-1,1
188,OTHER,T36,16,2,10,0,-1,-1,SELLER,00T36@0,0,16,-1,-1,0
15,OTHER,T35,16,2,10,0,-1,-1,SELLER,01T35@0,0,16,-1,-1,0
179,T22,OTHER,16,1,49,0,-1,-1,09T22@4,BUYER,0,16,-1,-1,5
961,T35,T37,16,1,16,14,-1,14,05T35@2,06T37@3,17,16,-1,-1,3
282,T22,OTHER,16,4,49,-1,-1,-1,09T22@4,BUYER,0,-1,-1,-1,5
913,T35,T37,16,5,15,12,-1,12,05T35@2,06T37@3,17,16,-1,-1,3
194,T37,OTHER,16,1,49,0,-1,-1,08T37@4,BUYER,0,16,-1,-1,5
1,T22,OTHER,16,3,49,0,-1,-1,09T22@4,BUYER,0,16,-1,-1,5
291,T22,OTHER,16,2,49,-1,-1,-1,09T22@4,BUYER,0,-1,-1,-1,5
222,T37,OTHER,16,1,49,0,-1,-1,08T37@4,BUYER,0,16,-1,-1,5
167,T37,OTHER,16,2,49,0,-1,-1,08T37@4,BUYER,0,16,-1,-1,5
405,T22,OTHER,17,1,49,-1,-1,-1,09T22@4,BUYER,0,-1,-1,-1,5
721,T37,T22,17,56,37,-1,-1,7,06T37@3,09T22@4,2,-1,-1,-1,4
413,T37,OTHER,17,1,49,-1,-1,-1,08T37@4,BUYER,0,-1,-1,-1,5
381,OTHER,T35,17,2,10,1,-1,-1,SELLER,01T35@0,0,17,-1,-1,0
383,OTHER,T36,17,1,10,1,-1,-1,SELLER,00T36@0,0,17,-1,-1,0
386,T37,OTHER,17,2,49,-1,-1,-1,08T37@4,BUYER,0,-1,-1,-1,5
395,T37,OTHER,17,2,49,-1,-1,-1,08T37@4,BUYER,0,-1,-1,-1,5
709,T37,T22,17,3,56,7,-1,7,06T37@3,09T22@4,17,17,-1,-1,4
866,T36,T36,17,13,22,11,-1,11,00T36@0,03T36@1,17,17,-1,-1,1
367,OTHER,T35,17,2,10,1,-1,-1,SELLER,01T35@0,0,17,-1,-1,0
410,T37,OTHER,17,2,49,-1,-1,-1,08T37@4,BUYER,0,-1,-1,-1,5
397,T22,OTHER,17,4,49,-1,-1,-1,09T22@4,BUYER,0,-1,-1,-1,5
394,T37,OTHER,17,3,49,-1,-1,-1,08T37@4,BUYER,0,-1,-1,-1,5
302,T22,OTHER,17,1,49,1,-1,-1,09T22@4,BUYER,0,17,-1,-1,5
345,OTHER,T36,17,3,10,1,-1,-1,SELLER,00T36@0,0,17,-1,-1,0
336,OTHER,T35,17,3,10,1,-1,-1,SELLER,01T35@0,0,17,-1,-1,0
329,T22,OTHER,17,3,49,1,-1,-1,09T22@4,BUYER,0,17,-1,-1,5
362,OTHER,T35,17,1,10,1,-1,-1,SELLER,01T35@0,0,17,-1,-1,0
340,T22,OTHER,17,1,49,1,-1,-1,09T22@4,BUYER,0,17,-1,-1,5
1008,T35,T36,17,5,7,15,-1,15,01T35@0,03T36@1,17,17,-1,-1,1
931,T37,T36,17,15,22,13,-1,13,02T37@1,04T36@2,2,17,-1,-1,2
346,OTHER,T35,17,1,10,1,-1,-1,SELLER,01T35@0,0,17,-1,-1,0
349,OTHER,T35,17,2,10,1,-1,-1,SELLER,01T35@0,0,17,-1,-1,0
911,T37,T37,17,1,55,12,-1,12,06T37@3,08T37@4,17,17,-1,-1,4
352,OTHER,T36,17,1,10,1,-1,-1,SELLER,00T36@0,0,17,-1,-1,0
319,OTHER,T35,17,1,10,1,-1,-1,SELLER,01T35@0,0,17,-1,-1,0
314,OTHER,T35,17,2,10,1,-1,-1,SELLER,01T35@0,0,17,-1,-1,0
351,OTHER,T36,17,1,10,1,-1,-1,SELLER,00T36@0,0,17,-1,-1,0
903,T36,T36,17,18,22,12,-1,12,00T36@0,03T36@1,17,17,-1,-1,1
753,T36,T37,18,41,45,8,-1,8,04T36@2,06T37@3,17,18,-1,-1,3
780,T36,T36,18,16,20,9,-1,9,00T36@0,03T36@1,17,18,-1,-1,1
1079,T35,T36,18,5,8,17,-1,17,01T35@0,03T36@1,17,18,-1,-1,1
414,T22,OTHER,18,2,49,2,-1,-1,09T22@4,BUYER,0,18,-1,-1,5
1120,T36,T37,18,5,17,-1,-1,18,04T36@2,06T37@3,17,-1,-1,-1,3
795,T37,T36,18,49,33,9,-1,9,02T37@1,04T36@2,17,18,-1,-1,2
1034,T35,T36,18,5,8,16,-1,16,01T35@0,03T36@1,17,18,-1,-1,1
1028,T36,T37,18,1,16,16,-1,16,04T36@2,06T37@3,17,18,-1,-1,3
1125,T36,T37,18,1,16,-1,-1,18,04T36@2,06T37@3,17,-1,-1,-1,3
1123,T35,T37,18,5,17,-1,-1,18,05T35@2,06T37@3,17,-1,-1,-1,3
1025,T35,T37,18,5,8,16,-1,16,01T35@0,02T37@1,17,18,-1,-1,1
792,T36,T37,18,12,20,9,-1,9,00T36@0,02T37@1,17,18,-1,-1,1
745,T36,T36,18,1,33,8,-1,8,03T36@1,04T36@2,17,18,-1,-1,2
990,T35,T37,18,5,15,15,-1,15,05T35@2,06T37@3,17,18,-1,-1,3
847,T37,T36,18,17,22,-1,-1,10,02T37@1,04T36@2,2,-1,-1,-1,2
478,T37,OTHER,18,1,49,-1,-1,-1,08T37@4,BUYER,0,-1,-1,-1,5
477,T37,OTHER,18,1,49,-1,-1,-1,08T37@4,BUYER,0,-1,-1,-1,5
474,T37,OTHER,18,2,49,-1,-1,-1,08T37@4,BUYER,0,-1,-1,-1,5
473,T37,OTHER,18,3,49,-1,-1,-1,08T37@4,BUYER,0,-1,-1,-1,5
472,T37,OTHER,18,2,49,-1,-1,-1,08T37@4,BUYER,0,-1,-1,-1,5
469,OTHER,T35,18,1,10,2,-1,-1,SELLER,01T35@0,0,18,-1,-1,0
468,OTHER,T36,18,4,10,2,-1,-1,SELLER,00T36@0,0,18,-1,-1,0
466,OTHER,T35,18,3,10,2,-1,-1,SELLER,01T35@0,0,18,-1,-1,0
457,OTHER,T36,18,1,10,2,-1,-1,SELLER,00T36@0,0,18,-1,-1,0
454,OTHER,T36,18,1,10,2,-1,-1,SELLER,00T36@0,0,18,-1,-1,0
447,T22,OTHER,18,2,49,2,-1,-1,09T22@4,BUYER,0,18,-1,-1,5
446,T22,OTHER,18,1,49,2,-1,-1,09T22@4,BUYER,0,18,-1,-1,5
444,OTHER,T36,18,1,10,2,-1,-1,SELLER,00T36@0,0,18,-1,-1,0
441,T22,OTHER,18,2,49,2,-1,-1,09T22@4,BUYER,0,18,-1,-1,5
1023,T35,T37,18,1,16,16,-1,16,05T35@2,06T37@3,17,18,-1,-1,3
873,T36,T35,18,27,32,11,-1,11,03T36@1,05T35@2,17,18,-1,-1,2
437,OTHER,T36,18,2,10,2,-1,-1,SELLER,00T36@0,0,18,-1,-1,0
869,T36,T37,18,12,20,11,-1,11,00T36@0,02T37@1,17,18,-1,-1,1
434,OTHER,T35,18,4,10,2,-1,-1,SELLER,01T35@0,0,18,-1,-1,0
430,OTHER,T36,18,2,10,2,-1,-1,SELLER,00T36@0,0,18,-1,-1,0
415,T22,OTHER,18,1,49,2,-1,-1,09T22@4,BUYER,0,18,-1,-1,5
424,OTHER,T35,18,1,10,2,-1,-1,SELLER,01T35@0,0,18,-1,-1,0
425,T22,OTHER,18,3,49,2,-1,-1,09T22@4,BUYER,0,18,-1,-1,5
853,T37,T35,18,49,33,-1,-1,10,02T37@1,05T35@2,17,-1,-1,-1,2
1022,T35,T36,18,5,7,16,-1,16,01T35@0,03T36@1,17,18,-1,-1,1
527,OTHER,T36,19,2,10,3,-1,-1,SELLER,00T36@0,0,19,-1,-1,0
492,OTHER,T36,19,1,10,3,-1,-1,SELLER,00T36@0,0,19,-1,-1,0
494,OTHER,T35,19,1,10,3,-1,-1,SELLER,01T35@0,0,19,-1,-1,0
1094,T35,T36,19,5,8,18,-1,18,01T35@0,03T36@1,17,19,-1,-1,1
526,T22,OTHER,19,3,49,3,-1,-1,09T22@4,BUYER,0,19,-1,-1,5
995,T37,T37,19,2,18,15,-1,15,06T37@3,08T37@4,17,19,-1,-1,4
545,T37,OTHER,19,1,49,-1,-1,-1,08T37@4,BUYER,0,-1,-1,-1,5
490,OTHER,T35,19,1,10,3,-1,-1,SELLER,01T35@0,0,19,-1,-1,0
1157,T35,T37,19,1,16,-1,-1,19,05T35@2,06T37@3,17,-1,-1,-1,3
1158,T35,T37,19,5,17,-1,-1,19,05T35@2,06T37@3,17,-1,-1,-1,3
958,T37,T37,19,43,54,14,-1,14,06T37@3,08T37@4,17,19,-1,-1,4
1164,T35,T37,19,5,8,-1,-1,19,01T35@0,02T37@1,17,-1,-1,-1,1
507,OTHER,T36,19,3,10,3,-1,-1,SELLER,00T36@0,0,19,-1,-1,0
515,OTHER,T35,19,1,10,3,-1,-1,SELLER,01T35@0,0,19,-1,-1,0
776,T35,T22,19,52,37,9,-1,9,07T35@3,09T22@4,2,-1,-1,-1,4
790,T37,T37,19,3,56,9,-1,9,06T37@3,08T37@4,17,19,-1,-1,4
987,T36,T37,19,16,22,15,-1,15,00T36@0,02T37@1,17,19,-1,-1,1
503,OTHER,T36,19,2,10,3,-1,-1,SELLER,00T36@0,0,19,-1,-1,0
1132,T35,T36,19,5,8,19,-1,19,01T35@0,03T36@1,17,19,-1,-1,1
1078,T35,T37,19,5,7,17,-1,17,01T35@0,02T37@1,17,19,-1,-1,1
489,T22,OTHER,19,2,49,3,-1,-1,09T22@4,BUYER,0,19,-1,-1,5
887,T37,T36,19,16,22,-1,-1,11,02T37@1,04T36@2,2,-1,-1,-1,2
538,T37,OTHER,19,1,49,-1,-1,-1,08T37@4,BUYER,0,-1,-1,-1,5
536,T37,OTHER,19,5,49,-1,-1,-1,08T37@4,BUYER,0,-1,-1,-1,5
539,T37,OTHER,19,1,49,-1,-1,-1,08T37@4,BUYER,0,-1,-1,-1,5
533,OTHER,T35,19,2,10,3,-1,-1,SELLER,01T35@0,0,19,-1,-1,0
532,T22,OTHER,19,1,49,3,-1,-1,09T22@4,BUYER,0,19,-1,-1,5
541,T37,OTHER,19,3,49,-1,-1,-1,08T37@4,BUYER,0,-1,-1,-1,5
542,T37,OTHER,19,2,49,-1,-1,-1,08T37@4,BUYER,0,-1,-1,-1,5
481,OTHER,T35,19,3,10,3,-1,-1,SELLER,01T35@0,0,19,-1,-1,0
1070,T35,T36,19,5,8,17,-1,17,01T35@0,03T36@1,17,19,-1,-1,1
482,OTHER,T36,19,1,10,3,-1,-1,SELLER,00T36@0,0,19,-1,-1,0
486,OTHER,T36,19,2,10,3,-1,-1,SELLER,00T36@0,0,19,-1,-1,0
513,T22,OTHER,19,1,49,3,-1,-1,09T22@4,BUYER,0,19,-1,-1,5
487,OTHER,T35,19,1,10,3,-1,-1,SELLER,01T35@0,0,19,-1,-1,0
829,T37,T37,20,3,56,10,-1,10,06T37@3,08T37@4,17,20,-1,-1,4
1201,T35,T37,20,1,8,-1,-1,20,01T35@0,02T37@1,18,-1,-1,-1,1
1200,T36,T37,20,1,7,-1,-1,20,00T36@0,02T37@1,18,-1,-1,-1,1
818,T35,T37,20,23,14,10,-1,10,01T35@0,02T37@1,2,20,-1,-1,1
985,T37,T35,20,1,33,15,-1,15,02T37@1,05T35@2,17,20,-1,-1,2
991,T36,T36,20,16,22,15,-1,15,00T36@0,03T36@1,17,20,-1,-1,1
1198,T35,T37,20,1,16,-1,-1,20,05T35@2,06T37@3,17,-1,-1,-1,3
1117,T35,T36,20,5,7,18,-1,18,01T35@0,03T36@1,17,20,-1,-1,1
1092,T35,T37,20,5,7,18,-1,18,01T35@0,02T37@1,17,20,-1,-1,1
1077,T35,T37,20,5,15,17,-1,17,05T35@2,06T37@3,17,20,-1,-1,3
827,T37,T22,20,3,56,10,-1,10,06T37@3,09T22@4,17,20,-1,-1,4
824,T36,T35,20,1,33,10,-1,10,03T36@1,05T35@2,17,20,-1,-1,2
955,T36,T37,20,55,46,14,-1,14,04T36@2,06T37@3,17,20,-1,-1,3
823,T35,T22,20,56,37,10,-1,10,07T35@3,09T22@4,2,-1,-1,-1,4
1114,T35,T37,20,1,16,18,-1,18,05T35@2,06T37@3,17,20,-1,-1,3
1169,T35,T36,20,1,7,20,-1,20,01T35@0,03T36@1,18,20,-1,-1,1
1171,T36,T36,20,1,8,20,-1,20,00T36@0,03T36@1,18,20,-1,-1,1
574,T22,OTHER,20,2,49,4,-1,-1,09T22@4,BUYER,0,20,-1,-1,5
565,OTHER,T36,20,1,10,4,-1,-1,SELLER,00T36@0,0,20,-1,-1,0
589,T37,OTHER,20,2,49,-1,-1,-1,08T37@4,BUYER,0,-1,-1,-1,5
590,T37,OTHER,20,1,49,-1,-1,-1,08T37@4,BUYER,0,-1,-1,-1,5
547,OTHER,T35,20,2,10,4,-1,-1,SELLER,01T35@0,0,20,-1,-1,0
564,OTHER,T35,20,1,10,4,-1,-1,SELLER,01T35@0,0,20,-1,-1,0
587,T37,OTHER,20,2,49,-1,-1,-1,08T37@4,BUYER,0,-1,-1,-1,5
580,OTHER,T35,20,4,10,4,-1,-1,SELLER,01T35@0,0,20,-1,-1,0
549,T22,OTHER,20,2,49,4,-1,-1,09T22@4,BUYER,0,20,-1,-1,5
586,T37,OTHER,20,2,49,-1,-1,-1,08T37@4,BUYER,0,-1,-1,-1,5
572,OTHER,T36,20,1,10,4,-1,-1,SELLER,00T36@0,0,20,-1,-1,0
561,OTHER,T36,20,3,10,4,-1,-1,SELLER,00T36@0,0,20,-1,-1,0
592,T37,OTHER,20,1,49,-1,-1,-1,08T37@4,BUYER,0,-1,-1,-1,5
594,T37,OTHER,20,3,49,-1,-1,-1,08T37@4,BUYER,0,-1,-1,-1,5
583,OTHER,T35,20,3,10,4,-1,-1,SELLER,01T35@0,0,20,-1,-1,0
584,T22,OTHER,20,2,49,4,-1,-1,09T22@4,BUYER,0,20,-1,-1,5
555,OTHER,T36,20,3,10,4,-1,-1,SELLER,00T36@0,0,20,-1,-1,0
551,T22,OTHER,20,1,49,4,-1,-1,09T22@4,BUYER,0,20,-1,-1,5
569,OTHER,T35,20,1,10,4,-1,-1,SELLER,01T35@0,0,20,-1,-1,0
573,T22,OTHER,20,1,49,4,-1,-1,09T22@4,BUYER,0,20,-1,-1,5
568,T22,OTHER,20,1,49,4,-1,-1,09T22@4,BUYER,0,20,-1,-1,5
581,OTHER,T35,20,1,10,4,-1,-1,SELLER,01T35@0,0,20,-1,-1,0
636,T37,OTHER,21,2,49,-1,-1,-1,08T37@4,BUYER,0,-1,-1,-1,5
635,T22,OTHER,21,2,49,-1,-1,-1,09T22@4,BUYER,0,-1,-1,-1,5
607,OTHER,T35,21,3,10,5,-1,-1,SELLER,01T35@0,0,21,-1,-1,0
632,T37,OTHER,21,1,49,-1,-1,-1,08T37@4,BUYER,0,-1,-1,-1,5
1130,T35,T36,21,5,7,19,-1,19,01T35@0,03T36@1,17,21,-1,-1,1
625,OTHER,T36,21,1,10,5,-1,-1,SELLER,00T36@0,0,21,-1,-1,0
634,T22,OTHER,21,6,49,-1,-1,-1,09T22@4,BUYER,0,-1,-1,-1,5
870,T37,T35,21,18,34,11,-1,11,02T37@1,05T35@2,17,21,-1,-1,2
603,OTHER,T36,21,1,10,5,-1,-1,SELLER,00T36@0,0,21,-1,-1,0
1046,T37,T35,21,29,34,-1,-1,16,02T37@1,05T35@2,17,-1,-1,-1,2
860,T37,T37,21,3,56,11,-1,11,06T37@3,08T37@4,17,21,-1,-1,4
1040,T36,T35,21,21,32,16,-1,16,03T36@1,05T35@2,17,21,-1,-1,2
602,OTHER,T36,21,2,10,5,-1,-1,SELLER,00T36@0,0,21,-1,-1,0
627,T22,OTHER,21,1,49,-1,-1,-1,09T22@4,BUYER,0,-1,-1,-1,5
1032,T37,T22,21,56,57,16,-1,16,06T37@3,09T22@4,17,21,-1,-1,4
618,OTHER,T35,21,4,10,5,-1,-1,SELLER,01T35@0,0,21,-1,-1,0
617,OTHER,T36,21,2,10,5,-1,-1,SELLER,00T36@0,0,21,-1,-1,0
631,T37,OTHER,21,1,49,-1,-1,-1,08T37@4,BUYER,0,-1,-1,-1,5
1057,T35,T37,21,5,15,17,-1,17,05T35@2,06T37@3,17,21,-1,-1,3
1089,T37,T35,21,29,34,-1,-1,17,02T37@1,05T35@2,17,-1,-1,-1,2
630,T37,OTHER,21,3,49,-1,-1,-1,08T37@4,BUYER,0,-1,-1,-1,5
613,OTHER,T36,21,2,10,5,-1,-1,SELLER,00T36@0,0,21,-1,-1,0
622,OTHER,T35,21,2,10,5,-1,-1,SELLER,01T35@0,0,21,-1,-1,0
1232,T36,T35,21,94,22,-1,-1,21,03T36@1,05T35@2,2,-1,-1,-1,2
623,OTHER,T35,21,1,10,5,-1,-1,SELLER,01T35@0,0,21,-1,-1,0
610,OTHER,T36,21,1,10,5,-1,-1,SELLER,00T36@0,0,21,-1,-1,0
629,T37,OTHER,21,3,49,-1,-1,-1,08T37@4,BUYER,0,-1,-1,-1,5
1119,T35,T37,21,5,17,18,-1,18,05T35@2,06T37@3,17,21,-1,-1,3
597,OTHER,T35,21,1,10,5,-1,-1,SELLER,01T35@0,0,21,-1,-1,0
628,T22,OTHER,21,1,49,-1,-1,-1,09T22@4,BUYER,0,-1,-1,-1,5
642,T37,OTHER,22,1,49,6,-1,-1,08T37@4,BUYER,0,22,-1,-1,5
641,OTHER,T35,22,2,10,6,-1,-1,SELLER,01T35@0,0,22,-1,-1,0
1152,T35,T37,22,5,15,19,-1,19,05T35@2,06T37@3,17,22,-1,-1,3
683,T37,OTHER,22,1,49,-1,-1,-1,08T37@4,BUYER,0,-1,-1,-1,5
679,T37,OTHER,22,2,49,-1,-1,-1,08T37@4,BUYER,0,-1,-1,-1,5
1080,T36,T35,22,1,33,17,-1,17,03T36@1,05T35@2,17,22,-1,-1,2
682,T37,OTHER,22,2,49,-1,-1,-1,08T37@4,BUYER,0,-1,-1,-1,5
640,T22,OTHER,22,1,49,6,-1,-1,09T22@4,BUYER,0,22,-1,-1,5
677,T37,OTHER,22,3,49,-1,-1,-1,08T37@4,BUYER,0,-1,-1,-1,5
676,T37,OTHER,22,3,49,-1,-1,-1,08T37@4,BUYER,0,-1,-1,-1,5
644,T22,OTHER,22,3,49,6,-1,-1,09T22@4,BUYER,0,22,-1,-1,5
672,OTHER,T35,22,2,10,6,-1,-1,SELLER,01T35@0,0,22,-1,-1,0
654,OTHER,T36,22,4,10,6,-1,-1,SELLER,00T36@0,0,22,-1,-1,0
1073,T36,T37,22,4,46,17,-1,17,04T36@2,06T37@3,17,22,-1,-1,3
638,OTHER,T36,22,1,10,6,-1,-1,SELLER,00T36@0,0,22,-1,-1,0
905,T36,T35,22,18,34,12,-1,12,03T36@1,05T35@2,17,22,-1,-1,2
658,OTHER,T36,22,1,10,6,-1,-1,SELLER,00T36@0,0,22,-1,-1,0
661,OTHER,T36,22,1,10,6,-1,-1,SELLER,00T36@0,0,22,-1,-1,0
1147,T36,T37,22,5,17,19,-1,19,04T36@2,06T37@3,17,22,-1,-1,3
664,OTHER,T36,22,1,10,6,-1,-1,SELLER,00T36@0,0,22,-1,-1,0
898,T37,T35,22,1,33,12,-1,12,02T37@1,05T35@2,17,22,-1,-1,2
666,OTHER,T35,22,2,10,6,-1,-1,SELLER,01T35@0,0,22,-1,-1,0
667,OTHER,T35,22,1,10,6,-1,-1,SELLER,01T35@0,0,22,-1,-1,0
1101,T36,T36,22,13,22,18,-1,18,00T36@0,03T36@1,17,22,-1,-1,1
646,T22,OTHER,22,2,49,6,-1,-1,09T22@4,BUYER,0,22,-1,-1,5
670,T37,OTHER,22,1,49,6,-1,-1,08T37@4,BUYER,0,22,-1,-1,5
1106,T36,T37,22,13,22,18,-1,18,00T36@0,02T37@1,17,22,-1,-1,1
668,T37,OTHER,22,1,49,6,-1,-1,08T37@4,BUYER,0,22,-1,-1,5
639,OTHER,T35,22,5,10,6,-1,-1,SELLER,01T35@0,0,22,-1,-1,0
963,T37,T36,22,29,31,14,-1,14,02T37@1,04T36@2,17,22,-1,-1,2
1184,T35,T37,22,1,16,20,-1,20,05T35@2,06T37@3,17,22,-1,-1,3
1015,T37,T35,22,29,32,-1,-1,15,02T37@1,05T35@2,17,-1,-1,-1,2
690,T37,OTHER,23,2,49,7,-1,-1,08T37@4,BUYER,0,23,-1,-1,5
712,T22,OTHER,23,2,49,7,-1,-1,09T22@4,BUYER,0,23,-1,-1,5
714,T37,OTHER,23,2,49,7,-1,-1,08T37@4,BUYER,0,23,-1,-1,5
719,T22,OTHER,23,3,49,-1,-1,-1,09T22@4,BUYER,0,-1,-1,-1,5
724,T22,OTHER,23,1,49,-1,-1,-1,09T22@4,BUYER,0,-1,-1,-1,5
692,OTHER,T36,23,1,10,7,-1,-1,SELLER,00T36@0,0,23,-1,-1,0
1237,T35,T37,23,5,17,22,-1,22,05T35@2,06T37@3,17,23,-1,-1,3
1128,T37,T35,23,1,33,-1,-1,18,02T37@1,05T35@2,17,-1,-1,-1,2
1207,T35,T37,23,5,8,21,-1,21,01T35@0,02T37@1,17,23,-1,-1,1
708,OTHER,T35,23,1,10,7,-1,-1,SELLER,01T35@0,0,23,-1,-1,0
1110,T36,T36,23,1,33,18,-1,18,03T36@1,04T36@2,17,23,-1,-1,2
1108,T37,T37,23,3,55,18,-1,18,06T37@3,08T37@4,17,23,-1,-1,4
1059,T36,T36,23,14,22,17,-1,17,00T36@0,03T36@1,17,23,-1,-1,1
933,T37,T37,23,3,56,13,-1,13,06T37@3,08T37@4,17,23,-1,-1,4
935,T36,T36,23,11,20,13,-1,13,00T36@0,03T36@1,17,23,-1,-1,1
939,T36,T35,23,35,32,13,-1,13,03T36@1,05T35@2,17,23,-1,-1,2
1071,T36,T37,23,14,22,17,-1,17,00T36@0,02T37@1,17,23,-1,-1,1
1216,T35,T37,23,1,16,21,-1,21,05T35@2,06T37@3,17,23,-1,-1,3
705,OTHER,T35,23,2,10,7,-1,-1,SELLER,01T35@0,0,23,-1,-1,0
691,OTHER,T35,23,1,10,7,-1,-1,SELLER,01T35@0,0,23,-1,-1,0
696,T22,OTHER,23,3,49,7,-1,-1,09T22@4,BUYER,0,23,-1,-1,5
1176,T35,T37,23,5,15,20,-1,20,05T35@2,06T37@3,17,23,-1,-1,3
693,T22,OTHER,23,1,49,7,-1,-1,09T22@4,BUYER,0,23,-1,-1,5
685,OTHER,T36,23,1,10,7,-1,-1,SELLER,00T36@0,0,23,-1,-1,0
1297,T37,T37,23,2,20,-1,-1,23,06T37@3,08T37@4,17,-1,-1,-1,4
695,OTHER,T35,23,2,10,7,-1,-1,SELLER,01T35@0,0,23,-1,-1,0
700,OTHER,T36,23,1,10,7,-1,-1,SELLER,00T36@0,0,23,-1,-1,0
694,OTHER,T36,23,4,10,7,-1,-1,SELLER,00T36@0,0,23,-1,-1,0
702,T37,OTHER,23,1,49,7,-1,-1,08T37@4,BUYER,0,23,-1,-1,5
698,OTHER,T36,23,4,10,7,-1,-1,SELLER,00T36@0,0,23,-1,-1,0
703,OTHER,T36,23,1,10,7,-1,-1,SELLER,00T36@0,0,23,-1,-1,0
704,OTHER,T35,23,2,10,7,-1,-1,SELLER,01T35@0,0,23,-1,-1,0
689,T22,OTHER,23,2,49,7,-1,-1,09T22@4,BUYER,0,23,-1,-1,5
688,T22,OTHER,23,3,49,7,-1,-1,09T22@4,BUYER,0,23,-1,-1,5
1296,T35,T37,23,5,8,-1,-1,23,01T35@0,02T37@1,17,-1,-1,-1,1
765,T37,OTHER,24,1,49,-1,-1,-1,08T37@4,BUYER,0,-1,-1,-1,5
757,OTHER,T36,24,3,10,8,-1,-1,SELLER,00T36@0,0,24,-1,-1,0
758,OTHER,T36,24,3,10,8,-1,-1,SELLER,00T36@0,0,24,-1,-1,0
759,OTHER,T35,24,2,10,8,-1,-1,SELLER,01T35@0,0,24,-1,-1,0
754,T22,OTHER,24,1,49,8,-1,-1,09T22@4,BUYER,0,24,-1,-1,5
769,T37,OTHER,24,1,49,-1,-1,-1,08T37@4,BUYER,0,-1,-1,-1,5
964,T36,T37,24,16,20,14,-1,14,00T36@0,02T37@1,17,24,-1,-1,1
756,OTHER,T35,24,1,10,8,-1,-1,SELLER,01T35@0,0,24,-1,-1,0
772,T37,OTHER,24,3,49,-1,-1,-1,08T37@4,BUYER,0,-1,-1,-1,5
1160,T37,T37,24,3,55,-1,-1,19,06T37@3,08T37@4,17,-1,-1,-1,4
1002,T36,T36,24,21,34,15,-1,15,03T36@1,04T36@2,17,24,-1,-1,2
997,T36,T35,24,21,34,15,-1,15,03T36@1,05T35@2,17,24,-1,-1,2
994,T36,T36,24,16,20,15,-1,15,00T36@0,03T36@1,17,24,-1,-1,1
767,T37,OTHER,24,1,49,-1,-1,-1,08T37@4,BUYER,0,-1,-1,-1,5
771,T37,OTHER,24,2,49,-1,-1,-1,08T37@4,BUYER,0,-1,-1,-1,5
734,OTHER,T35,24,2,10,8,-1,-1,SELLER,01T35@0,0,24,-1,-1,0
751,OTHER,T35,24,3,10,8,-1,-1,SELLER,01T35@0,0,24,-1,-1,0
1154,T36,T37,24,17,22,19,-1,19,00T36@0,02T37@1,17,24,-1,-1,1
1265,T35,T37,24,5,8,22,-1,22,01T35@0,02T37@1,17,24,-1,-1,1
1334,T35,T37,24,5,8,-1,-1,24,01T35@0,02T37@1,17,-1,-1,-1,1
725,OTHER,T36,24,1,10,8,-1,-1,SELLER,00T36@0,0,24,-1,-1,0
726,T37,OTHER,24,4,49,8,-1,-1,08T37@4,BUYER,0,24,-1,-1,5
1178,T36,T35,24,23,10,20,-1,20,03T36@1,05T35@2,17,24,-1,-1,2
1140,T36,T36,24,17,22,19,-1,19,00T36@0,03T36@1,17,24,-1,-1,1
728,OTHER,T35,24,1,10,8,-1,-1,SELLER,01T35@0,0,24,-1,-1,0
1335,T36,T37,24,5,17,-1,-1,24,04T36@2,06T37@3,17,-1,-1,-1,3
965,T36,T35,24,21,34,14,-1,14,03T36@1,05T35@2,17,24,-1,-1,2
735,T22,OTHER,24,4,49,8,-1,-1,09T22@4,BUYER,0,24,-1,-1,5
737,T22,OTHER,24,3,49,8,-1,-1,09T22@4,BUYER,0,24,-1,-1,5
740,OTHER,T36,24,1,10,8,-1,-1,SELLER,00T36@0,0,24,-1,-1,0
1268,T37,T36,24,5,22,-1,-1,22,02T37@1,04T36@2,7,-1,-1,-1,2
741,OTHER,T35,24,1,10,8,-1,-1,SELLER,01T35@0,0,24,-1,-1,0
743,OTHER,T35,24,1,10,8,-1,-1,SELLER,01T35@0,0,24,-1,-1,0
748,OTHER,T36,24,1,10,8,-1,-1,SELLER,00T36@0,0,24,-1,-1,0
1264,T35,T37,24,5,7,22,-1,22,01T35@0,02T37@1,17,24,-1,-1,1
1333,T37,T35,24,61,22,-1,-1,24,02T37@1,05T35@2,2,-1,-1,-1,2
1062,T36,T36,25,13,20,17,-1,17,00T36@0,03T36@1,17,25,-1,-1,1
1006,T36,T35,25,1,33,15,-1,15,03T36@1,05T35@2,17,25,-1,-1,2
1007,T36,T36,25,1,33,15,-1,15,03T36@1,04T36@2,17,25,-1,-1,2
1016,T37,T36,25,1,33,-1,-1,15,02T37@1,04T36@2,17,-1,-1,-1,2
783,T37,OTHER,25,3,49,9,-1,-1,08T37@4,BUYER,0,25,-1,-1,5
1035,T36,T37,25,13,20,16,-1,16,00T36@0,02T37@1,17,25,-1,-1,1
784,OTHER,T36,25,3,10,9,-1,-1,SELLER,00T36@0,0,25,-1,-1,0
793,T22,OTHER,25,4,49,9,-1,-1,09T22@4,BUYER,0,25,-1,-1,5
806,T22,OTHER,25,1,49,9,-1,-1,09T22@4,BUYER,0,25,-1,-1,5
808,T37,OTHER,25,1,49,9,-1,-1,08T37@4,BUYER,0,25,-1,-1,5
809,OTHER,T36,25,1,10,9,-1,-1,SELLER,00T36@0,0,25,-1,-1,0
1192,T37,T22,25,3,55,20,-1,20,06T37@3,09T22@4,17,25,-1,-1,4
803,OTHER,T36,25,2,10,9,-1,-1,SELLER,00T36@0,0,25,-1,-1,0
801,OTHER,T36,25,1,10,9,-1,-1,SELLER,00T36@0,0,25,-1,-1,0
797,T37,OTHER,25,2,49,9,-1,-1,08T37@4,BUYER,0,25,-1,-1,5
1279,T35,T37,25,5,7,23,-1,23,01T35@0,02T37@1,17,25,-1,-1,1
773,T22,OTHER,25,4,49,9,-1,-1,09T22@4,BUYER,0,25,-1,-1,5
1283,T36,T37,25,5,8,23,-1,23,00T36@0,02T37@1,17,25,-1,-1,1
1165,T37,T36,25,36,34,20,-1,20,02T37@1,04T36@2,17,25,-1,-1,2
1292,T35,T36,25,5,7,23,-1,23,01T35@0,03T36@1,17,25,-1,-1,1
1150,T36,T36,25,30,34,19,-1,19,03T36@1,04T36@2,17,25,-1,-1,2
804,OTHER,T35,25,2,10,9,-1,-1,SELLER,01T35@0,0,25,-1,-1,0
1141,T35,T37,25,5,15,19,-1,19,05T35@2,06T37@3,17,25,-1,-1,3
774,OTHER,T35,25,2,10,9,-1,-1,SELLER,01T35@0,0,25,-1,-1,0
775,OTHER,T36,25,2,10,9,-1,-1,SELLER,00T36@0,0,25,-1,-1,0
777,OTHER,T35,25,1,10,9,-1,-1,SELLER,01T35@0,0,25,-1,-1,0
778,T22,OTHER,25,2,49,9,-1,-1,09T22@4,BUYER,0,25,-1,-1,5
1343,T35,T36,25,5,8,25,-1,25,01T35@0,03T36@1,17,25,-1,-1,1
788,T22,OTHER,25,1,49,9,-1,-1,09T22@4,BUYER,0,25,-1,-1,5
1364,T35,T37,25,5,8,-1,-1,25,01T35@0,02T37@1,17,-1,-1,-1,1
1366,T35,T37,25,1,7,-1,-1,25,01T35@0,02T37@1,18,-1,-1,-1,1
1370,T35,T37,25,5,8,-1,-1,25,01T35@0,02T37@1,17,-1,-1,-1,1
781,OTHER,T35,25,1,10,9,-1,-1,SELLER,01T35@0,0,25,-1,-1,0
786,OTHER,T36,25,2,10,9,-1,-1,SELLER,00T36@0,0,25,-1,-1,0
785,T37,OTHER,25,2,49,9,-1,-1,08T37@4,BUYER,0,25,-1,-1,5
805,OTHER,T35,25,3,10,9,-1,-1,SELLER,01T35@0,0,25,-1,-1,0
1407,T36,T35,26,119,22,-1,-1,26,03T36@1,05T35@2,2,-1,-1,-1,2
1208,T36,T36,26,16,22,21,-1,21,00T36@0,03T36@1,17,26,-1,-1,1
1408,T36,T36,26,5,8,-1,-1,26,00T36@0,03T36@1,17,-1,-1,-1,1
1177,T36,T36,26,14,22,20,-1,20,00T36@0,03T36@1,17,26,-1,-1,1
1282,T37,T36,26,4,12,23,-1,23,02T37@1,04T36@2,17,26,-1,-1,2
1304,T35,T37,26,5,7,24,-1,24,01T35@0,02T37@1,17,26,-1,-1,1
1037,T36,T37,26,4,47,16,-1,16,04T36@2,06T37@3,17,26,-1,-1,3
1331,T35,T36,26,5,7,24,-1,24,01T35@0,03T36@1,17,26,-1,-1,1
1332,T35,T37,26,5,7,24,-1,24,01T35@0,02T37@1,17,26,-1,-1,1
1045,T37,T37,26,56,54,-1,-1,16,06T37@3,08T37@4,17,-1,-1,-1,4
1355,T35,T36,26,5,8,25,-1,25,01T35@0,03T36@1,17,26,-1,-1,1
1402,T35,T37,26,5,17,-1,-1,26,05T35@2,06T37@3,17,-1,-1,-1,3
1405,T35,T37,26,1,16,-1,-1,26,05T35@2,06T37@3,17,-1,-1,-1,3
1406,T35,T37,26,1,7,-1,-1,26,01T35@0,02T37@1,18,-1,-1,-1,1
1188,T35,T37,26,5,15,20,-1,20,05T35@2,06T37@3,17,26,-1,-1,3
1309,T36,T36,26,5,7,24,-1,24,00T36@0,03T36@1,17,26,-1,-1,1
1209,T35,T37,26,5,15,21,-1,21,05T35@2,06T37@3,17,26,-1,-1,3
846,T22,OTHER,26,1,49,-1,-1,-1,09T22@4,BUYER,0,-1,-1,-1,5
851,T22,OTHER,26,1,49,-1,-1,-1,09T22@4,BUYER,0,-1,-1,-1,5
850,T22,OTHER,26,4,49,-1,-1,-1,09T22@4,BUYER,0,-1,-1,-1,5
849,T22,OTHER,26,2,49,-1,-1,-1,09T22@4,BUYER,0,-1,-1,-1,5
843,OTHER,T35,26,3,10,10,-1,-1,SELLER,01T35@0,0,26,-1,-1,0
841,T37,OTHER,26,1,49,10,-1,-1,08T37@4,BUYER,0,26,-1,-1,5
837,OTHER,T36,26,2,10,10,-1,-1,SELLER,00T36@0,0,26,-1,-1,0
835,OTHER,T36,26,5,10,10,-1,-1,SELLER,00T36@0,0,26,-1,-1,0
834,OTHER,T36,26,2,10,10,-1,-1,SELLER,00T36@0,0,26,-1,-1,0
832,OTHER,T35,26,1,10,10,-1,-1,SELLER,01T35@0,0,26,-1,-1,0
831,OTHER,T35,26,2,10,10,-1,-1,SELLER,01T35@0,0,26,-1,-1,0
826,OTHER,T36,26,1,10,10,-1,-1,SELLER,00T36@0,0,26,-1,-1,0
854,T22,OTHER,26,1,49,-1,-1,-1,09T22@4,BUYER,0,-1,-1,-1,5
817,OTHER,T36,26,1,10,10,-1,-1,SELLER,00T36@0,0,26,-1,-1,0
819,OTHER,T36,26,2,10,10,-1,-1,SELLER,00T36@0,0,26,-1,-1,0
812,T37,OTHER,26,4,49,10,-1,-1,08T37@4,BUYER,0,26,-1,-1,5
814,T37,OTHER,26,3,49,10,-1,-1,08T37@4,BUYER,0,26,-1,-1,5
825,OTHER,T36,26,1,10,10,-1,-1,SELLER,00T36@0,0,26,-1,-1,0
815,T22,OTHER,26,3,49,10,-1,-1,09T22@4,BUYER,0,26,-1,-1,5
862,OTHER,T35,27,2,10,11,-1,-1,SELLER,01T35@0,0,27,-1,-1,0
894,T37,OTHER,27,3,49,-1,-1,-1,08T37@4,BUYER,0,-1,-1,-1,5
871,OTHER,T35,27,3,10,11,-1,-1,SELLER,01T35@0,0,-1,-1,-1,0
1400,T36,T37,27,5,7,26,-1,26,00T36@0,02T37@1,17,27,-1,-1,1
868,OTHER,T35,27,2,10,11,-1,-1,SELLER,01T35@0,0,27,-1,-1,0
1289,T37,T37,27,3,37,23,-1,23,06T37@3,08T37@4,2,27,-1,-1,4
1338,T36,T36,27,5,7,25,-1,25,00T36@0,03T36@1,17,27,-1,-1,1
874,OTHER,T36,27,2,10,11,-1,-1,SELLER,00T36@0,0,27,-1,-1,0
1273,T35,T37,27,5,15,23,-1,23,05T35@2,06T37@3,17,27,-1,-1,3
1445,T36,T37,27,5,17,-1,-1,27,04T36@2,06T37@3,17,-1,-1,-1,3
1344,T35,T37,27,5,7,25,-1,25,01T35@0,02T37@1,17,27,-1,-1,1
1443,T37,T35,27,16,22,-1,-1,27,02T37@1,05T35@2,2,-1,-1,-1,2
1442,T35,T37,27,1,8,-1,-1,27,01T35@0,02T37@1,18,-1,-1,-1,1
1424,T35,T36,27,5,8,27,-1,27,01T35@0,03T36@1,17,27,-1,-1,1
1425,T35,T36,27,1,8,27,-1,27,01T35@0,03T36@1,18,27,-1,-1,1
1061,T35,T37,27,31,31,17,-1,17,05T35@2,06T37@3,2,27,-1,-1,3
1067,T37,T22,27,3,56,17,-1,17,06T37@3,09T22@4,17,27,-1,-1,4
1423,T35,T36,27,5,8,27,-1,27,01T35@0,03T36@1,17,27,-1,-1,1
1295,T37,T22,27,3,37,23,-1,23,06T37@3,09T22@4,2,27,-1,-1,4
892,T22,OTHER,27,2,49,-1,-1,-1,09T22@4,BUYER,0,-1,-1,-1,5
859,OTHER,T35,27,1,10,11,-1,-1,SELLER,01T35@0,0,27,-1,-1,0
876,OTHER,T36,27,2,10,11,-1,-1,SELLER,00T36@0,0,27,-1,-1,0
879,T37,OTHER,27,2,49,-1,-1,-1,08T37@4,BUYER,0,-1,-1,-1,5
880,T37,OTHER,27,2,49,-1,-1,-1,08T37@4,BUYER,0,-1,-1,-1,5
881,T37,OTHER,27,1,49,-1,-1,-1,08T37@4,BUYER,0,-1,-1,-1,5
1245,T36,T36,27,18,22,22,-1,22,00T36@0,03T36@1,17,27,-1,-1,1
882,T22,OTHER,27,2,49,-1,-1,-1,09T22@4,BUYER,0,-1,-1,-1,5
1250,T37,T22,27,2,55,22,-1,22,06T37@3,09T22@4,17,27,-1,-1,4
1253,T37,T37,27,2,55,22,-1,22,06T37@3,08T37@4,17,27,-1,-1,4
858,OTHER,T35,27,5,10,11,-1,-1,SELLER,01T35@0,0,27,-1,-1,0
884,T37,OTHER,27,3,49,-1,-1,-1,08T37@4,BUYER,0,-1,-1,-1,5
1394,T35,T37,27,5,7,26,-1,26,01T35@0,02T37@1,17,27,-1,-1,1
1384,T36,T36,27,5,7,26,-1,26,00T36@0,03T36@1,17,27,-1,-1,1
1064,T37,T37,27,3,56,17,-1,17,06T37@3,08T37@4,17,27,-1,-1,4
1259,T37,T35,27,1,33,22,-1,22,02T37@1,05T35@2,17,27,-1,-1,2
891,T22,OTHER,27,1,49,-1,-1,-1,09T22@4,BUYER,0,-1,-1,-1,5
890,T22,OTHER,27,2,49,-1,-1,-1,09T22@4,BUYER,0,-1,-1,-1,5
1385,T36,T36,27,5,7,26,-1,26,00T36@0,03T36@1,17,27,-1,-1,1
865,OTHER,T36,27,1,10,11,-1,-1,SELLER,00T36@0,0,27,-1,-1,0
872,OTHER,T36,27,2,10,11,-1,-1,SELLER,00T36@0,0,27,-1,-1,0
886,T37,OTHER,27,1,49,-1,-1,-1,08T37@4,BUYER,0,-1,-1,-1,5
885,T22,OTHER,27,1,49,-1,-1,-1,09T22@4,BUYER,0,-1,-1,-1,5
917,T37,OTHER,28,1,49,-1,-1,-1,08T37@4,BUYER,0,-1,-1,-1,5
925,T22,OTHER,28,3,49,-1,-1,-1,09T22@4,BUYER,0,-1,-1,-1,5
920,T22,OTHER,28,1,49,-1,-1,-1,09T22@4,BUYER,0,-1,-1,-1,5
924,T37,OTHER,28,3,49,-1,-1,-1,08T37@4,BUYER,0,-1,-1,-1,5
1093,T36,T35,28,1,33,18,-1,18,03T36@1,05T35@2,17,28,-1,-1,2
923,T22,OTHER,28,1,49,-1,-1,-1,09T22@4,BUYER,0,-1,-1,-1,5
1111,T35,T37,28,27,31,18,-1,18,05T35@2,06T37@3,2,28,-1,-1,3
922,T37,OTHER,28,3,49,-1,-1,-1,08T37@4,BUYER,0,-1,-1,-1,5
918,T37,OTHER,28,2,49,-1,-1,-1,08T37@4,BUYER,0,-1,-1,-1,5
919,T22,OTHER,28,1,49,-1,-1,-1,09T22@4,BUYER,0,-1,-1,-1,5
1287,T37,T35,28,1,33,23,-1,23,02T37@1,05T35@2,17,28,-1,-1,2
921,T37,OTHER,28,1,49,-1,-1,-1,08T37@4,BUYER,0,-1,-1,-1,5
1112,T37,T22,28,3,56,18,-1,18,06T37@3,09T22@4,17,28,-1,-1,4
907,OTHER,T35,28,1,10,12,-1,-1,SELLER,01T35@0,0,-1,-1,-1,0
901,OTHER,T36,28,3,10,12,-1,-1,SELLER,00T36@0,0,28,-1,-1,0
1489,T35,T37,28,1,16,-1,-1,28,05T35@2,06T37@3,17,-1,-1,-1,3
895,OTHER,T35,28,2,10,12,-1,-1,SELLER,01T35@0,0,-1,-1,-1,0
1133,T37,T22,28,3,56,19,-1,19,06T37@3,09T22@4,17,28,-1,-1,4
896,OTHER,T36,28,1,10,12,-1,-1,SELLER,00T36@0,0,28,-1,-1,0
916,T37,OTHER,28,1,49,-1,-1,-1,08T37@4,BUYER,0,-1,-1,-1,5
899,OTHER,T35,28,3,10,12,-1,-1,SELLER,01T35@0,0,-1,-1,-1,0
1478,T35,T36,28,5,8,28,-1,28,01T35@0,03T36@1,17,-1,-1,-1,1
1095,T37,T36,28,1,33,18,-1,18,02T37@1,04T36@2,17,28,-1,-1,2
1146,T36,T35,28,30,32,19,-1,19,03T36@1,05T35@2,17,28,-1,-1,2
1142,T37,T37,28,3,56,19,-1,19,06T37@3,08T37@4,17,28,-1,-1,4
906,OTHER,T35,28,1,10,12,-1,-1,SELLER,01T35@0,0,-1,-1,-1,0
1462,T35,T36,28,1,8,28,-1,28,01T35@0,03T36@1,18,-1,-1,-1,1
908,OTHER,T35,28,1,10,12,-1,-1,SELLER,01T35@0,0,-1,-1,-1,0
909,OTHER,T36,28,1,10,12,-1,-1,SELLER,00T36@0,0,28,-1,-1,0
910,OTHER,T35,28,3,10,12,-1,-1,SELLER,01T35@0,0,-1,-1,-1,0
914,OTHER,T36,28,3,10,12,-1,-1,SELLER,00T36@0,0,28,-1,-1,0
1351,T36,T37,28,5,15,25,-1,25,04T36@2,06T37@3,17,28,-1,-1,3
915,T22,OTHER,28,3,49,-1,-1,-1,09T22@4,BUYER,0,-1,-1,-1,5
904,OTHER,T36,28,1,10,12,-1,-1,SELLER,00T36@0,0,28,-1,-1,0
1151,T37,T22,29,3,56,19,-1,19,06T37@3,09T22@4,17,29,-1,-1,4
1298,T37,T37,29,9,20,-1,-1,23,06T37@3,08T37@4,17,-1,-1,-1,4
1148,T37,T35,29,18,34,19,-1,19,02T37@1,05T35@2,17,29,-1,-1,2
1353,T35,T37,29,5,15,25,-1,25,05T35@2,06T37@3,17,29,-1,-1,3
1367,T37,T37,29,1,55,-1,-1,25,06T37@3,08T37@4,17,-1,-1,-1,4
1320,T37,T22,29,1,55,24,-1,24,06T37@3,09T22@4,17,29,-1,-1,4
1327,T36,T37,29,4,46,24,-1,24,04T36@2,06T37@3,17,29,-1,-1,3
1368,T37,T37,29,7,37,-1,-1,25,06T37@3,08T37@4,2,-1,-1,-1,4
1360,T37,T22,29,7,37,-1,-1,25,06T37@3,09T22@4,2,-1,-1,-1,4
1372,T37,T22,29,1,55,-1,-1,25,06T37@3,09T22@4,17,-1,-1,-1,4
938,OTHER,T35,29,2,10,13,-1,-1,SELLER,01T35@0,0,-1,-1,-1,0
1286,T36,T35,29,23,32,23,-1,23,03T36@1,05T35@2,17,29,-1,-1,2
1466,T35,T37,29,5,7,28,-1,28,01T35@0,02T37@1,17,-1,-1,-1,1
926,OTHER,T36,29,3,10,13,-1,-1,SELLER,00T36@0,0,29,-1,-1,0
952,T37,OTHER,29,3,49,-1,-1,-1,08T37@4,BUYER,0,-1,-1,-1,5
950,T22,OTHER,29,3,49,-1,-1,-1,09T22@4,BUYER,0,-1,-1,-1,5
1274,T36,T37,29,12,22,23,-1,23,00T36@0,02T37@1,17,29,-1,-1,1
949,T22,OTHER,29,1,49,-1,-1,-1,09T22@4,BUYER,0,-1,-1,-1,5
948,T37,OTHER,29,1,49,-1,-1,-1,08T37@4,BUYER,0,-1,-1,-1,5
1516,T35,T37,29,1,16,-1,-1,29,05T35@2,06T37@3,17,-1,-1,-1,3
947,T22,OTHER,29,1,49,-1,-1,-1,09T22@4,BUYER,0,-1,-1,-1,5
1234,T37,T37,29,36,37,-1,-1,21,06T37@3,08T37@4,2,-1,-1,-1,4
1431,T35,T37,29,1,16,27,-1,27,05T35@2,06T37@3,17,29,-1,-1,3
946,T37,OTHER,29,2,49,-1,-1,-1,08T37@4,BUYER,0,-1,-1,-1,5
945,T22,OTHER,29,2,49,-1,-1,-1,09T22@4,BUYER,0,-1,-1,-1,5
1436,T36,T37,29,6,31,27,-1,27,04T36@2,06T37@3,2,29,-1,-1,3
1410,T35,T37,29,5,7,27,-1,27,01T35@0,02T37@1,17,-1,-1,-1,1
927,OTHER,T36,29,1,10,13,-1,-1,SELLER,00T36@0,0,29,-1,-1,0
944,T22,OTHER,29,3,49,-1,-1,-1,09T22@4,BUYER,0,-1,-1,-1,5
928,OTHER,T35,29,2,10,13,-1,-1,SELLER,01T35@0,0,-1,-1,-1,0
1403,T37,T36,29,5,12,-1,-1,26,02T37@1,04T36@2,17,-1,-1,-1,2
930,OTHER,T36,29,1,10,13,-1,-1,SELLER,00T36@0,0,29,-1,-1,0
932,OTHER,T36,29,4,10,13,-1,-1,SELLER,00T36@0,0,29,-1,-1,0
1170,T36,T37,29,14,20,20,-1,20,00T36@0,02T37@1,17,29,-1,-1,1
936,OTHER,T35,29,4,10,13,-1,-1,SELLER,01T35@0,0,-1,-1,-1,0
937,OTHER,T36,29,1,10,13,-1,-1,SELLER,00T36@0,0,29,-1,-1,0
941,T37,OTHER,29,1,49,-1,-1,-1,08T37@4,BUYER,0,-1,-1,-1,5
942,T22,OTHER,29,3,49,-1,-1,-1,09T22@4,BUYER,0,-1,-1,-1,5
934,OTHER,T35,29,2,10,13,-1,-1,SELLER,01T35@0,0,-1,-1,-1,0
970,T22,OTHER,30,2,49,-1,-1,-1,09T22@4,BUYER,0,-1,-1,-1,5
1551,T35,T37,30,1,16,-1,-1,30,05T35@2,06T37@3,17,-1,-1,-1,3
1187,T36,T36,30,36,32,20,-1,20,03T36@1,04T36@2,17,30,-1,-1,2
1189,T36,T35,30,36,32,20,-1,20,03T36@1,05T35@2,17,-1,-1,-1,2
971,T37,OTHER,30,3,49,-1,-1,-1,08T37@4,BUYER,0,-1,-1,-1,5
972,T37,OTHER,30,2,49,-1,-1,-1,08T37@4,BUYER,0,-1,-1,-1,5
975,T37,OTHER,30,2,49,-1,-1,-1,08T37@4,BUYER,0,-1,-1,-1,5
981,T22,OTHER,30,2,49,-1,-1,-1,09T22@4,BUYER,0,-1,-1,-1,5
1193,T37,T37,30,3,56,20,-1,20,06T37@3,08T37@4,17,30,-1,-1,4
976,T37,OTHER,30,1,49,-1,-1,-1,08T37@4,BUYER,0,-1,-1,-1,5
977,T22,OTHER,30,1,49,-1,-1,-1,09T22@4,BUYER,0,-1,-1,-1,5
978,T22,OTHER,30,2,49,-1,-1,-1,09T22@4,BUYER,0,-1,-1,-1,5
979,T22,OTHER,30,3,49,-1,-1,-1,09T22@4,BUYER,0,-1,-1,-1,5
973,T37,OTHER,30,2,49,-1,-1,-1,08T37@4,BUYER,0,-1,-1,-1,5
968,OTHER,T36,30,4,10,14,-1,-1,SELLER,00T36@0,0,30,-1,-1,0
1373,T35,T37,30,5,15,26,-1,26,05T35@2,06T37@3,17,30,-1,-1,3
1166,T37,T35,30,36,32,20,-1,20,02T37@1,05T35@2,17,30,-1,-1,2
1356,T37,T22,30,3,55,25,-1,25,06T37@3,09T22@4,17,30,-1,-1,4
1432,T36,T37,30,5,15,27,-1,27,04T36@2,06T37@3,17,30,-1,-1,3
1339,T36,T35,30,1,33,25,-1,25,03T36@1,05T35@2,17,-1,-1,-1,2
1458,T35,T37,30,5,7,28,-1,28,01T35@0,02T37@1,17,-1,-1,-1,1
967,OTHER,T35,30,1,10,14,-1,-1,SELLER,01T35@0,0,-1,-1,-1,0
953,OTHER,T36,30,2,10,14,-1,-1,SELLER,00T36@0,0,30,-1,-1,0
954,OTHER,T36,30,2,10,14,-1,-1,SELLER,00T36@0,0,30,-1,-1,0
1371,T37,T37,30,3,55,-1,-1,25,06T37@3,08T37@4,17,-1,-1,-1,4
956,OTHER,T36,30,2,10,14,-1,-1,SELLER,00T36@0,0,30,-1,-1,0
1485,T37,T22,30,6,37,-1,-1,28,06T37@3,09T22@4,5,-1,-1,-1,4
957,OTHER,T35,30,2,10,14,-1,-1,SELLER,01T35@0,0,-1,-1,-1,0
959,OTHER,T35,30,3,10,14,-1,-1,SELLER,01T35@0,0,-1,-1,-1,0
960,OTHER,T35,30,2,10,14,-1,-1,SELLER,01T35@0,0,-1,-1,-1,0
962,OTHER,T35,30,1,10,14,-1,-1,SELLER,01T35@0,0,-1,-1,-1,0
966,OTHER,T36,30,1,10,14,-1,-1,SELLER,00T36@0,0,30,-1,-1,0
1481,T37,T37,30,5,18,-1,-1,28,06T37@3,08T37@4,17,-1,-1,-1,4
1270,T36,T37,31,16,20,23,-1,23,00T36@0,02T37@1,17,31,-1,-1,1
1233,T37,T35,31,17,34,-1,-1,21,02T37@1,05T35@2,17,-1,-1,-1,2
1230,T36,T35,31,17,34,21,-1,21,03T36@1,05T35@2,17,-1,-1,-1,2
1229,T37,T37,31,3,56,21,-1,21,06T37@3,08T37@4,17,31,-1,-1,4
1222,T37,T22,31,3,56,21,-1,21,06T37@3,09T22@4,17,31,-1,-1,4
1257,T36,T36,31,16,20,22,-1,22,00T36@0,03T36@1,17,31,-1,-1,1
988,T37,OTHER,31,2,49,15,-1,-1,08T37@4,BUYER,0,31,-1,-1,5
1329,T36,T37,31,16,20,24,-1,24,00T36@0,02T37@1,17,31,-1,-1,1
1014,T22,OTHER,31,5,49,-1,-1,-1,09T22@4,BUYER,0,-1,-1,-1,5
1013,T22,OTHER,31,2,49,-1,-1,-1,09T22@4,BUYER,0,-1,-1,-1,5
1012,T22,OTHER,31,1,49,-1,-1,-1,09T22@4,BUYER,0,-1,-1,-1,5
1010,T22,OTHER,31,1,49,-1,-1,-1,09T22@4,BUYER,0,-1,-1,-1,5
1009,T37,OTHER,31,2,49,15,-1,-1,08T37@4,BUYER,0,31,-1,-1,5
1004,T37,OTHER,31,1,49,15,-1,-1,08T37@4,BUYER,0,31,-1,-1,5
1003,OTHER,T35,31,2,10,15,-1,-1,SELLER,01T35@0,0,-1,-1,-1,0
1001,OTHER,T35,31,4,10,15,-1,-1,SELLER,01T35@0,0,-1,-1,-1,0
1000,T37,OTHER,31,1,49,15,-1,-1,08T37@4,BUYER,0,31,-1,-1,5
999,OTHER,T35,31,1,10,15,-1,-1,SELLER,01T35@0,0,-1,-1,-1,0
998,OTHER,T36,31,3,10,15,-1,-1,SELLER,00T36@0,0,31,-1,-1,0
982,OTHER,T35,31,1,10,15,-1,-1,SELLER,01T35@0,0,-1,-1,-1,0
983,OTHER,T36,31,1,10,15,-1,-1,SELLER,00T36@0,0,31,-1,-1,0
984,T37,OTHER,31,2,49,15,-1,-1,08T37@4,BUYER,0,31,-1,-1,5
986,OTHER,T36,31,1,10,15,-1,-1,SELLER,00T36@0,0,31,-1,-1,0
993,OTHER,T36,31,2,10,15,-1,-1,SELLER,00T36@0,0,31,-1,-1,0
992,OTHER,T35,31,3,10,15,-1,-1,SELLER,01T35@0,0,-1,-1,-1,0
1018,T22,OTHER,31,2,49,-1,-1,-1,09T22@4,BUYER,0,-1,-1,-1,5
1019,T22,OTHER,31,1,49,-1,-1,-1,09T22@4,BUYER,0,-1,-1,-1,5
1575,T35,T37,31,1,16,-1,-1,31,05T35@2,06T37@3,17,-1,-1,-1,3
1465,T35,T37,31,5,15,28,-1,28,05T35@2,06T37@3,17,-1,-1,-1,3
989,OTHER,T35,31,1,10,15,-1,-1,SELLER,01T35@0,0,-1,-1,-1,0
1377,T36,T36,31,1,33,26,-1,26,03T36@1,04T36@2,17,31,-1,-1,2
1382,T36,T35,31,1,33,26,-1,26,03T36@1,05T35@2,17,-1,-1,-1,2
1388,T36,T37,31,41,48,26,-1,26,04T36@2,06T37@3,17,31,-1,-1,3
1399,T37,T35,31,1,33,26,-1,26,02T37@1,05T35@2,17,-1,-1,-1,2
1444,T37,T22,31,10,37,-1,-1,27,06T37@3,09T22@4,2,-1,-1,-1,4
1472,T36,T37,31,5,31,28,-1,28,04T36@2,06T37@3,5,31,-1,-1,3
1482,T37,T22,31,10,37,-1,-1,28,06T37@3,09T22@4,2,-1,-1,-1,4
996,OTHER,T35,31,1,10,15,-1,-1,SELLER,01T35@0,0,-1,-1,-1,0
1486,T37,T37,31,6,37,-1,-1,28,06T37@3,08T37@4,5,-1,-1,-1,4
1547,T37,T36,32,21,22,-1,-1,30,02T37@1,04T36@2,2,-1,-1,-1,2
1447,T37,T35,32,36,34,-1,-1,27,02T37@1,05T35@2,17,-1,-1,-1,2
1446,T37,T36,32,36,31,-1,-1,27,02T37@1,04T36@2,17,-1,-1,-1,2
1267,T37,T37,32,38,37,-1,-1,22,06T37@3,08T37@4,2,-1,-1,-1,4
1427,T36,T35,32,21,32,27,-1,27,03T36@1,05T35@2,17,-1,-1,-1,2
1499,T36,T35,32,21,32,29,-1,29,03T36@1,05T35@2,17,-1,-1,-1,2
1512,T35,T37,32,1,16,29,-1,29,05T35@2,06T37@3,17,-1,-1,-1,3
1536,T35,T37,32,1,16,30,-1,30,05T35@2,06T37@3,17,-1,-1,-1,3
1538,T36,T35,32,21,32,30,-1,30,03T36@1,05T35@2,17,-1,-1,-1,2
1310,T36,T36,32,12,20,24,-1,24,00T36@0,03T36@1,17,32,-1,-1,1
1337,T36,T36,32,12,20,25,-1,25,00T36@0,03T36@1,17,32,-1,-1,1
1248,T36,T37,32,18,20,22,-1,22,00T36@0,02T37@1,17,32,-1,-1,1
1254,T36,T35,32,34,32,22,-1,22,03T36@1,05T35@2,17,-1,-1,-1,2
1052,T22,OTHER,32,2,49,-1,-1,-1,09T22@4,BUYER,0,-1,-1,-1,5
1043,OTHER,T36,32,4,10,16,-1,-1,SELLER,00T36@0,0,32,-1,-1,0
1030,OTHER,T35,32,3,10,16,-1,-1,SELLER,01T35@0,0,-1,-1,-1,0
1039,OTHER,T36,32,1,10,16,-1,-1,SELLER,00T36@0,0,32,-1,-1,0
1041,T37,OTHER,32,3,49,16,-1,-1,08T37@4,BUYER,0,32,-1,-1,5
1038,OTHER,T36,32,1,10,16,-1,-1,SELLER,00T36@0,0,32,-1,-1,0
1036,OTHER,T35,32,1,10,16,-1,-1,SELLER,01T35@0,0,-1,-1,-1,0
1027,OTHER,T36,32,1,10,16,-1,-1,SELLER,00T36@0,0,32,-1,-1,0
1042,T37,OTHER,32,2,49,16,-1,-1,08T37@4,BUYER,0,32,-1,-1,5
1026,T37,OTHER,32,3,49,16,-1,-1,08T37@4,BUYER,0,32,-1,-1,5
1031,OTHER,T35,32,4,10,16,-1,-1,SELLER,01T35@0,0,-1,-1,-1,0
1029,OTHER,T35,32,2,10,16,-1,-1,SELLER,01T35@0,0,-1,-1,-1,0
1021,OTHER,T35,32,1,10,16,-1,-1,SELLER,01T35@0,0,-1,-1,-1,0
1024,T37,OTHER,32,1,49,16,-1,-1,08T37@4,BUYER,0,32,-1,-1,5
1051,T22,OTHER,32,2,49,-1,-1,-1,09T22@4,BUYER,0,-1,-1,-1,5
1049,T22,OTHER,32,3,49,-1,-1,-1,09T22@4,BUYER,0,-1,-1,-1,5
1033,OTHER,T36,32,1,10,16,-1,-1,SELLER,00T36@0,0,32,-1,-1,0
1044,T37,OTHER,32,1,49,16,-1,-1,08T37@4,BUYER,0,32,-1,-1,5
1048,T22,OTHER,32,1,49,-1,-1,-1,09T22@4,BUYER,0,-1,-1,-1,5
1047,T22,OTHER,32,1,49,-1,-1,-1,09T22@4,BUYER,0,-1,-1,-1,5
1020,OTHER,T35,32,1,10,16,-1,-1,SELLER,01T35@0,0,-1,-1,-1,0
1054,T22,OTHER,32,1,49,-1,-1,-1,09T22@4,BUYER,0,-1,-1,-1,5
1076,T37,OTHER,33,2,49,17,-1,-1,08T37@4,BUYER,0,33,-1,-1,5
1086,T22,OTHER,33,2,49,-1,-1,-1,09T22@4,BUYER,0,-1,-1,-1,5
1084,T22,OTHER,33,2,49,-1,-1,-1,09T22@4,BUYER,0,-1,-1,-1,5
1081,OTHER,T36,33,3,10,17,-1,-1,SELLER,00T36@0,0,33,-1,-1,0
1083,T22,OTHER,33,3,49,-1,-1,-1,09T22@4,BUYER,0,-1,-1,-1,5
1074,OTHER,T36,33,1,10,17,-1,-1,SELLER,00T36@0,0,33,-1,-1,0
1075,T37,OTHER,33,1,49,17,-1,-1,08T37@4,BUYER,0,33,-1,-1,5
1082,OTHER,T35,33,2,10,17,-1,-1,SELLER,01T35@0,0,-1,-1,-1,0
1085,T22,OTHER,33,1,49,-1,-1,-1,09T22@4,BUYER,0,-1,-1,-1,5
1513,T35,T37,33,5,15,29,-1,29,05T35@2,06T37@3,17,-1,-1,-1,3
1088,T22,OTHER,33,1,49,-1,-1,-1,09T22@4,BUYER,0,-1,-1,-1,5
1523,T35,T37,33,5,15,30,-1,30,05T35@2,06T37@3,17,-1,-1,-1,3
1619,T37,T36,33,23,22,-1,-1,33,02T37@1,04T36@2,2,-1,-1,-1,2
1276,T36,T37,33,4,47,23,-1,23,04T36@2,06T37@3,17,33,-1,-1,3
1055,OTHER,T35,33,2,10,17,-1,-1,SELLER,01T35@0,0,-1,-1,-1,0
1056,OTHER,T35,33,1,10,17,-1,-1,SELLER,01T35@0,0,-1,-1,-1,0
1058,T37,OTHER,33,3,49,17,-1,-1,08T37@4,BUYER,0,33,-1,-1,5
1473,T37,T37,33,3,55,28,-1,28,06T37@3,08T37@4,17,33,-1,-1,4
1068,OTHER,T36,33,1,10,17,-1,-1,SELLER,00T36@0,0,33,-1,-1,0
1060,T37,OTHER,33,2,49,17,-1,-1,08T37@4,BUYER,0,33,-1,-1,5
1090,T22,OTHER,33,2,49,-1,-1,-1,09T22@4,BUYER,0,-1,-1,-1,5
1303,T36,T36,33,14,20,24,-1,24,00T36@0,03T36@1,17,33,-1,-1,1
1065,OTHER,T36,33,2,10,17,-1,-1,SELLER,00T36@0,0,33,-1,-1,0
1072,OTHER,T35,33,2,10,17,-1,-1,SELLER,01T35@0,0,-1,-1,-1,0
1087,T22,OTHER,33,1,49,-1,-1,-1,09T22@4,BUYER,0,-1,-1,-1,5
1066,OTHER,T35,33,1,10,17,-1,-1,SELLER,01T35@0,0,-1,-1,-1,0
1063,OTHER,T35,33,3,10,17,-1,-1,SELLER,01T35@0,0,-1,-1,-1,0
1069,OTHER,T36,33,2,10,17,-1,-1,SELLER,00T36@0,0,33,-1,-1,0
1325,T36,T35,34,1,33,24,-1,24,03T36@1,05T35@2,17,-1,-1,-1,2
1105,OTHER,T35,34,1,10,18,-1,-1,SELLER,01T35@0,0,-1,-1,-1,0
1109,OTHER,T36,34,1,10,18,-1,-1,SELLER,00T36@0,0,34,-1,-1,0
1104,OTHER,T35,34,1,10,18,-1,-1,SELLER,01T35@0,0,-1,-1,-1,0
1103,OTHER,T35,34,2,10,18,-1,-1,SELLER,01T35@0,0,-1,-1,-1,0
1102,OTHER,T35,34,3,10,18,-1,-1,SELLER,01T35@0,0,-1,-1,-1,0
1113,T37,OTHER,34,2,49,18,-1,-1,08T37@4,BUYER,0,34,-1,-1,5
1115,T37,OTHER,34,2,49,18,-1,-1,08T37@4,BUYER,0,34,-1,-1,5
1100,OTHER,T35,34,2,10,18,-1,-1,SELLER,01T35@0,0,-1,-1,-1,0
1116,T37,OTHER,34,3,49,18,-1,-1,08T37@4,BUYER,0,34,-1,-1,5
1099,OTHER,T36,34,4,10,18,-1,-1,SELLER,00T36@0,0,34,-1,-1,0
1118,OTHER,T36,34,1,10,18,-1,-1,SELLER,00T36@0,0,34,-1,-1,0
1098,OTHER,T36,34,1,10,18,-1,-1,SELLER,00T36@0,0,34,-1,-1,0
1097,OTHER,T35,34,2,10,18,-1,-1,SELLER,01T35@0,0,-1,-1,-1,0
1096,T37,OTHER,34,1,49,18,-1,-1,08T37@4,BUYER,0,34,-1,-1,5
1091,OTHER,T36,34,1,10,18,-1,-1,SELLER,00T36@0,0,34,-1,-1,0
1121,T22,OTHER,34,2,49,-1,-1,-1,09T22@4,BUYER,0,-1,-1,-1,5
1122,T22,OTHER,34,3,49,-1,-1,-1,09T22@4,BUYER,0,-1,-1,-1,5
1124,T22,OTHER,34,2,49,-1,-1,-1,09T22@4,BUYER,0,-1,-1,-1,5
1126,T22,OTHER,34,1,49,-1,-1,-1,09T22@4,BUYER,0,-1,-1,-1,5
1127,T22,OTHER,34,3,49,-1,-1,-1,09T22@4,BUYER,0,-1,-1,-1,5
1129,T22,OTHER,34,1,49,-1,-1,-1,09T22@4,BUYER,0,-1,-1,-1,5
1330,T37,T37,34,1,56,24,-1,24,06T37@3,08T37@4,17,34,-1,-1,4
1421,T37,T22,34,46,54,27,-1,27,06T37@3,09T22@4,17,34,-1,-1,4
1451,T36,T37,34,13,22,28,-1,28,00T36@0,02T37@1,17,34,-1,-1,1
1107,OTHER,T36,34,1,10,18,-1,-1,SELLER,00T36@0,0,34,-1,-1,0
1504,T35,T37,34,5,15,29,-1,29,05T35@2,06T37@3,17,-1,-1,-1,3
1495,T36,T37,34,4,46,29,-1,29,04T36@2,06T37@3,17,34,-1,-1,3
1542,T35,T37,34,5,15,30,-1,30,05T35@2,06T37@3,17,-1,-1,-1,3
1549,T37,T35,34,23,32,-1,-1,30,02T37@1,05T35@2,17,-1,-1,-1,2
1558,T36,T36,34,14,14,31,-1,31,00T36@0,03T36@1,2,34,-1,-1,1
1475,T37,T36,34,23,32,28,-1,28,02T37@1,04T36@2,17,34,-1,-1,2
1490,T37,T22,34,46,54,-1,-1,28,06T37@3,09T22@4,17,-1,-1,-1,4
1507,T36,T37,34,13,22,29,-1,29,00T36@0,02T37@1,17,34,-1,-1,1
1514,T37,T35,34,23,32,-1,-1,29,02T37@1,05T35@2,17,-1,-1,-1,2
1581,T36,T37,34,5,8,32,-1,32,00T36@0,02T37@1,17,34,-1,-1,1
1508,T36,T36,34,13,22,29,-1,29,00T36@0,03T36@1,17,34,-1,-1,1
1579,T36,T36,34,5,7,32,-1,32,00T36@0,03T36@1,17,34,-1,-1,1
1336,T36,T37,35,4,47,25,-1,25,04T36@2,06T37@3,17,35,-1,-1,3
1390,T37,T37,35,3,56,26,-1,26,06T37@3,08T37@4,17,35,-1,-1,4
1497,T36,T36,35,14,22,29,-1,29,00T36@0,03T36@1,17,35,-1,-1,1
1139,OTHER,T36,35,3,10,19,-1,-1,SELLER,00T36@0,0,35,-1,-1,0
1131,OTHER,T36,35,4,10,19,-1,-1,SELLER,00T36@0,0,35,-1,-1,0
1404,T37,T37,35,48,37,-1,-1,26,06T37@3,08T37@4,2,-1,-1,-1,4
1137,OTHER,T35,35,3,10,19,-1,-1,SELLER,01T35@0,0,-1,-1,-1,0
1500,T36,T37,35,14,22,29,-1,29,00T36@0,02T37@1,17,35,-1,-1,1
1453,T36,T35,35,29,34,28,-1,28,03T36@1,05T35@2,17,-1,-1,-1,2
1134,OTHER,T36,35,1,10,19,-1,-1,SELLER,00T36@0,0,35,-1,-1,0
1135,T37,OTHER,35,1,49,19,-1,-1,08T37@4,BUYER,0,35,-1,-1,5
1138,T37,OTHER,35,2,49,19,-1,-1,08T37@4,BUYER,0,35,-1,-1,5
1397,T37,T22,35,3,56,26,-1,26,06T37@3,09T22@4,17,35,-1,-1,4
1136,OTHER,T35,35,4,10,19,-1,-1,SELLER,01T35@0,0,-1,-1,-1,0
1163,T22,OTHER,35,2,49,-1,-1,-1,09T22@4,BUYER,0,-1,-1,-1,5
1526,T36,T35,35,17,32,30,-1,30,03T36@1,05T35@2,17,-1,-1,-1,2
1149,OTHER,T36,35,1,10,19,-1,-1,SELLER,00T36@0,0,35,-1,-1,0
1143,OTHER,T36,35,2,10,19,-1,-1,SELLER,00T36@0,0,35,-1,-1,0
1162,T22,OTHER,35,3,49,-1,-1,-1,09T22@4,BUYER,0,-1,-1,-1,5
1450,T36,T36,35,29,34,28,-1,28,03T36@1,04T36@2,17,35,-1,-1,2
1144,OTHER,T36,35,1,10,19,-1,-1,SELLER,00T36@0,0,35,-1,-1,0
1537,T37,T37,35,2,55,30,-1,30,06T37@3,08T37@4,17,35,-1,-1,4
1161,T22,OTHER,35,2,49,-1,-1,-1,09T22@4,BUYER,0,-1,-1,-1,5
1145,T37,OTHER,35,3,49,19,-1,-1,08T37@4,BUYER,0,35,-1,-1,5
1159,T22,OTHER,35,2,49,-1,-1,-1,09T22@4,BUYER,0,-1,-1,-1,5
1471,T35,T37,35,21,31,28,-1,28,05T35@2,06T37@3,2,-1,-1,-1,3
1156,T22,OTHER,35,3,49,-1,-1,-1,09T22@4,BUYER,0,-1,-1,-1,5
1153,T37,OTHER,35,2,49,19,-1,-1,08T37@4,BUYER,0,35,-1,-1,5
1155,OTHER,T35,35,1,10,19,-1,-1,SELLER,01T35@0,0,-1,-1,-1,0
1571,T37,T37,36,5,55,31,-1,31,06T37@3,08T37@4,17,36,-1,-1,4
1196,T22,OTHER,36,2,49,-1,-1,-1,09T22@4,BUYER,0,-1,-1,-1,5
1199,T22,OTHER,36,1,49,-1,-1,-1,09T22@4,BUYER,0,-1,-1,-1,5
1570,T36,T37,36,17,22,31,-1,31,00T36@0,02T37@1,17,36,-1,-1,1
1563,T37,T22,36,5,55,31,-1,31,06T37@3,09T22@4,17,36,-1,-1,4
1561,T36,T35,36,18,32,31,-1,31,03T36@1,05T35@2,17,-1,-1,-1,2
1533,T37,T36,36,31,34,30,-1,30,02T37@1,04T36@2,17,36,-1,-1,2
1374,T37,T36,36,1,33,26,-1,26,02T37@1,04T36@2,17,36,-1,-1,2
1535,T36,T37,36,14,22,30,-1,30,00T36@0,02T37@1,17,36,-1,-1,1
1197,T22,OTHER,36,2,49,-1,-1,-1,09T22@4,BUYER,0,-1,-1,-1,5
1202,T22,OTHER,36,2,49,-1,-1,-1,09T22@4,BUYER,0,-1,-1,-1,5
1203,T22,OTHER,36,1,49,-1,-1,-1,09T22@4,BUYER,0,-1,-1,-1,5
1167,T37,OTHER,36,2,49,20,-1,-1,08T37@4,BUYER,0,36,-1,-1,5
1191,OTHER,T35,36,1,10,20,-1,-1,SELLER,01T35@0,0,-1,-1,-1,0
1168,OTHER,T36,36,3,10,20,-1,-1,SELLER,00T36@0,0,36,-1,-1,0
1172,T37,OTHER,36,3,49,20,-1,-1,08T37@4,BUYER,0,36,-1,-1,5
1173,OTHER,T35,36,2,10,20,-1,-1,SELLER,01T35@0,0,-1,-1,-1,0
1174,OTHER,T35,36,1,10,20,-1,-1,SELLER,01T35@0,0,-1,-1,-1,0
1175,OTHER,T35,36,2,10,20,-1,-1,SELLER,01T35@0,0,-1,-1,-1,0
1195,T22,OTHER,36,1,49,-1,-1,-1,09T22@4,BUYER,0,-1,-1,-1,5
1180,OTHER,T35,36,3,10,20,-1,-1,SELLER,01T35@0,0,-1,-1,-1,0
1181,T37,OTHER,36,2,49,20,-1,-1,08T37@4,BUYER,0,36,-1,-1,5
1179,OTHER,T35,36,1,10,20,-1,-1,SELLER,01T35@0,0,-1,-1,-1,0
1183,OTHER,T36,36,1,10,20,-1,-1,SELLER,00T36@0,0,36,-1,-1,0
1185,T37,OTHER,36,1,49,20,-1,-1,08T37@4,BUYER,0,36,-1,-1,5
1415,T36,T37,36,12,20,27,-1,27,00T36@0,02T37@1,17,36,-1,-1,1
1496,T35,T37,36,22,31,29,-1,29,05T35@2,06T37@3,2,-1,-1,-1,3
1186,OTHER,T35,36,3,10,20,-1,-1,SELLER,01T35@0,0,-1,-1,-1,0
1190,T37,OTHER,36,3,49,20,-1,-1,08T37@4,BUYER,0,36,-1,-1,5
1182,OTHER,T36,36,2,10,20,-1,-1,SELLER,00T36@0,0,36,-1,-1,0
1194,OTHER,T36,36,1,10,20,-1,-1,SELLER,00T36@0,0,36,-1,-1,0
1560,T35,T37,37,5,15,31,-1,31,05T35@2,06T37@3,17,-1,-1,-1,3
1411,T36,T37,37,4,47,27,-1,27,04T36@2,06T37@3,17,37,-1,-1,3
1448,T36,T35,37,21,34,28,-1,28,03T36@1,05T35@2,17,-1,-1,-1,2
1642,T36,T37,37,5,8,35,-1,35,00T36@0,02T37@1,17,37,-1,-1,1
1210,T22,OTHER,37,4,49,21,-1,-1,09T22@4,BUYER,0,37,-1,-1,5
1211,T37,OTHER,37,3,49,21,-1,-1,08T37@4,BUYER,0,37,-1,-1,5
1225,OTHER,T36,37,1,10,21,-1,-1,SELLER,00T36@0,0,37,-1,-1,0
1204,OTHER,T35,37,1,10,21,-1,-1,SELLER,01T35@0,0,-1,-1,-1,0
1226,T37,OTHER,37,1,49,21,-1,-1,08T37@4,BUYER,0,37,-1,-1,5
1231,OTHER,T35,37,4,10,21,-1,-1,SELLER,01T35@0,0,-1,-1,-1,0
1224,T22,OTHER,37,1,49,21,-1,-1,09T22@4,BUYER,0,37,-1,-1,5
1223,T37,OTHER,37,3,49,21,-1,-1,08T37@4,BUYER,0,37,-1,-1,5
1205,OTHER,T36,37,2,10,21,-1,-1,SELLER,00T36@0,0,37,-1,-1,0
1221,OTHER,T36,37,1,10,21,-1,-1,SELLER,00T36@0,0,37,-1,-1,0
1220,OTHER,T35,37,1,10,21,-1,-1,SELLER,01T35@0,0,-1,-1,-1,0
1219,T37,OTHER,37,1,49,21,-1,-1,08T37@4,BUYER,0,37,-1,-1,5
1218,OTHER,T35,37,1,10,21,-1,-1,SELLER,01T35@0,0,-1,-1,-1,0
1217,OTHER,T36,37,2,10,21,-1,-1,SELLER,00T36@0,0,37,-1,-1,0
1228,T37,OTHER,37,1,49,21,-1,-1,08T37@4,BUYER,0,37,-1,-1,5
1215,OTHER,T36,37,3,10,21,-1,-1,SELLER,00T36@0,0,37,-1,-1,0
1214,OTHER,T36,37,2,10,21,-1,-1,SELLER,00T36@0,0,37,-1,-1,0
1206,OTHER,T35,37,2,10,21,-1,-1,SELLER,01T35@0,0,-1,-1,-1,0
1227,T37,OTHER,37,2,49,21,-1,-1,08T37@4,BUYER,0,37,-1,-1,5
1213,T22,OTHER,37,3,49,21,-1,-1,09T22@4,BUYER,0,37,-1,-1,5
1212,T22,OTHER,37,1,49,21,-1,-1,09T22@4,BUYER,0,37,-1,-1,5
1266,OTHER,T35,38,1,10,22,-1,-1,SELLER,01T35@0,0,-1,-1,-1,0
1263,T37,OTHER,38,3,49,22,-1,-1,08T37@4,BUYER,0,38,-1,-1,5
1262,OTHER,T35,38,2,10,22,-1,-1,SELLER,01T35@0,0,-1,-1,-1,0
1236,OTHER,T36,38,2,10,22,-1,-1,SELLER,00T36@0,0,38,-1,-1,0
1238,T37,OTHER,38,1,49,22,-1,-1,08T37@4,BUYER,0,38,-1,-1,5
1239,T22,OTHER,38,1,49,22,-1,-1,09T22@4,BUYER,0,38,-1,-1,5
1261,T22,OTHER,38,1,49,22,-1,-1,09T22@4,BUYER,0,38,-1,-1,5
1240,OTHER,T36,38,1,10,22,-1,-1,SELLER,00T36@0,0,38,-1,-1,0
1241,T37,OTHER,38,1,49,22,-1,-1,08T37@4,BUYER,0,38,-1,-1,5
1456,T36,T37,38,4,47,28,-1,28,04T36@2,06T37@3,17,38,-1,-1,3
1249,OTHER,T35,38,1,10,22,-1,-1,SELLER,01T35@0,0,-1,-1,-1,0
1258,T22,OTHER,38,3,49,22,-1,-1,09T22@4,BUYER,0,38,-1,-1,5
1242,OTHER,T36,38,3,10,22,-1,-1,SELLER,00T36@0,0,38,-1,-1,0
1256,T37,OTHER,38,1,49,22,-1,-1,08T37@4,BUYER,0,38,-1,-1,5
1255,T37,OTHER,38,1,49,22,-1,-1,08T37@4,BUYER,0,38,-1,-1,5
1252,OTHER,T35,38,1,10,22,-1,-1,SELLER,01T35@0,0,-1,-1,-1,0
1243,OTHER,T36,38,2,10,22,-1,-1,SELLER,00T36@0,0,38,-1,-1,0
1244,OTHER,T36,38,2,10,22,-1,-1,SELLER,00T36@0,0,38,-1,-1,0
1251,OTHER,T36,38,2,10,22,-1,-1,SELLER,00T36@0,0,38,-1,-1,0
1246,T22,OTHER,38,1,49,22,-1,-1,09T22@4,BUYER,0,38,-1,-1,5
1247,OTHER,T35,38,3,10,22,-1,-1,SELLER,01T35@0,0,-1,-1,-1,0
1260,T22,OTHER,38,3,49,22,-1,-1,09T22@4,BUYER,0,38,-1,-1,5
1235,T37,OTHER,38,4,49,22,-1,-1,08T37@4,BUYER,0,38,-1,-1,5
1617,T37,T37,38,1,55,-1,-1,33,06T37@3,08T37@4,17,-1,-1,-1,4
1726,T36,T37,38,5,17,-1,-1,38,04T36@2,06T37@3,17,-1,-1,-1,3
1697,T36,T36,38,5,11,37,-1,37,03T36@1,04T36@2,17,38,-1,-1,2
1580,T36,T37,38,12,22,32,-1,32,00T36@0,02T37@1,17,38,-1,-1,1
1470,T37,T22,38,3,56,28,-1,28,06T37@3,09T22@4,17,38,-1,-1,4
1686,T36,T37,39,5,7,37,-1,37,00T36@0,02T37@1,17,39,-1,-1,1
1294,OTHER,T36,39,1,10,23,-1,-1,SELLER,00T36@0,0,39,-1,-1,0
1636,T37,T22,39,5,55,-1,-1,34,06T37@3,09T22@4,17,-1,-1,-1,4
1633,T36,T37,39,17,22,34,-1,34,00T36@0,02T37@1,17,39,-1,-1,1
1293,OTHER,T36,39,1,10,23,-1,-1,SELLER,00T36@0,0,39,-1,-1,0
1291,OTHER,T35,39,4,10,23,-1,-1,SELLER,01T35@0,0,-1,-1,-1,0
1290,OTHER,T35,39,4,10,23,-1,-1,SELLER,01T35@0,0,-1,-1,-1,0
1562,T37,T35,39,31,32,31,-1,31,02T37@1,05T35@2,17,-1,-1,-1,2
1288,OTHER,T35,39,1,10,23,-1,-1,SELLER,01T35@0,0,-1,-1,-1,0
1285,T22,OTHER,39,3,49,23,-1,-1,09T22@4,BUYER,0,39,-1,-1,5
1491,T36,T35,39,18,34,29,-1,29,03T36@1,05T35@2,17,-1,-1,-1,2
1284,OTHER,T35,39,1,10,23,-1,-1,SELLER,01T35@0,0,-1,-1,-1,0
1520,T37,T37,39,64,37,-1,-1,29,06T37@3,08T37@4,2,-1,-1,-1,4
1682,T36,T37,39,17,22,-1,-1,36,00T36@0,02T37@1,17,-1,-1,-1,1
1299,T37,OTHER,39,3,49,-1,-1,-1,08T37@4,BUYER,0,-1,-1,-1,5
1300,T37,OTHER,39,3,49,-1,-1,-1,08T37@4,BUYER,0,-1,-1,-1,5
1281,OTHER,T35,39,1,10,23,-1,-1,SELLER,01T35@0,0,-1,-1,-1,0
1529,T36,T36,39,14,20,30,-1,30,00T36@0,03T36@1,17,39,-1,-1,1
1280,T22,OTHER,39,3,49,23,-1,-1,09T22@4,BUYER,0,39,-1,-1,5
1269,OTHER,T36,39,5,10,23,-1,-1,SELLER,00T36@0,0,39,-1,-1,0
1534,T35,T37,39,19,31,30,-1,30,05T35@2,06T37@3,2,-1,-1,-1,3
1275,T22,OTHER,39,1,49,23,-1,-1,09T22@4,BUYER,0,39,-1,-1,5
1271,OTHER,T35,39,1,10,23,-1,-1,SELLER,01T35@0,0,-1,-1,-1,0
1278,T37,OTHER,39,4,49,23,-1,-1,08T37@4,BUYER,0,39,-1,-1,5
1277,OTHER,T36,39,1,10,23,-1,-1,SELLER,00T36@0,0,39,-1,-1,0
1272,T22,OTHER,39,3,49,23,-1,-1,09T22@4,BUYER,0,39,-1,-1,5
1776,T37,T36,40,5,11,-1,-1,40,02T37@1,04T36@2,17,-1,-1,-1,2
1771,T37,T36,40,5,11,-1,-1,40,02T37@1,04T36@2,17,-1,-1,-1,2
1317,T22,OTHER,40,1,49,24,-1,-1,09T22@4,BUYER,0,40,-1,-1,5
1670,T36,T37,40,5,15,36,-1,36,04T36@2,06T37@3,17,40,-1,-1,3
1316,OTHER,T35,40,1,10,24,-1,-1,SELLER,01T35@0,0,-1,-1,-1,0
1314,OTHER,T36,40,1,10,24,-1,-1,SELLER,00T36@0,0,40,-1,-1,0
1318,OTHER,T36,40,2,10,24,-1,-1,SELLER,00T36@0,0,40,-1,-1,0
1315,OTHER,T36,40,2,10,24,-1,-1,SELLER,00T36@0,0,40,-1,-1,0
1322,T22,OTHER,40,3,49,24,-1,-1,09T22@4,BUYER,0,40,-1,-1,5
1323,T37,OTHER,40,1,49,24,-1,-1,08T37@4,BUYER,0,40,-1,-1,5
1324,OTHER,T36,40,2,10,24,-1,-1,SELLER,00T36@0,0,40,-1,-1,0
1313,T22,OTHER,40,1,49,24,-1,-1,09T22@4,BUYER,0,40,-1,-1,5
1326,T22,OTHER,40,4,49,24,-1,-1,09T22@4,BUYER,0,40,-1,-1,5
1532,T37,T22,40,2,56,30,-1,30,06T37@3,09T22@4,17,40,-1,-1,4
1312,OTHER,T36,40,1,10,24,-1,-1,SELLER,00T36@0,0,40,-1,-1,0
1311,T22,OTHER,40,1,49,24,-1,-1,09T22@4,BUYER,0,40,-1,-1,5
1308,T22,OTHER,40,1,49,24,-1,-1,09T22@4,BUYER,0,40,-1,-1,5
1307,OTHER,T35,40,5,10,24,-1,-1,SELLER,01T35@0,0,-1,-1,-1,0
1328,OTHER,T35,40,2,10,24,-1,-1,SELLER,01T35@0,0,-1,-1,-1,0
1305,OTHER,T36,40,1,10,24,-1,-1,SELLER,00T36@0,0,40,-1,-1,0
1302,T37,OTHER,40,5,49,24,-1,-1,08T37@4,BUYER,0,40,-1,-1,5
1321,OTHER,T35,40,1,10,24,-1,-1,SELLER,01T35@0,0,-1,-1,-1,0
1301,T22,OTHER,40,2,49,24,-1,-1,09T22@4,BUYER,0,40,-1,-1,5
1319,T22,OTHER,40,1,49,24,-1,-1,09T22@4,BUYER,0,40,-1,-1,5
1306,OTHER,T35,40,2,10,24,-1,-1,SELLER,01T35@0,0,-1,-1,-1,0
1653,T36,T37,41,13,22,35,-1,35,00T36@0,02T37@1,17,41,-1,-1,1
1678,T37,T37,41,3,55,-1,-1,36,06T37@3,08T37@4,17,-1,-1,-1,4
1554,T36,T36,41,17,20,31,-1,31,00T36@0,03T36@1,17,41,-1,-1,1
1555,T36,T36,41,18,34,31,-1,31,03T36@1,04T36@2,17,41,-1,-1,2
1363,T37,OTHER,41,3,49,-1,-1,-1,08T37@4,BUYER,0,-1,-1,-1,5
1676,T37,T22,41,3,55,-1,-1,36,06T37@3,09T22@4,17,-1,-1,-1,4
1577,T37,T36,41,48,33,32,-1,32,02T37@1,04T36@2,16,41,-1,-1,2
1641,T36,T36,41,13,22,35,-1,35,00T36@0,03T36@1,17,41,-1,-1,1
1362,T37,OTHER,41,1,49,-1,-1,-1,08T37@4,BUYER,0,-1,-1,-1,5
1348,OTHER,T35,41,2,10,25,-1,-1,SELLER,01T35@0,0,-1,-1,-1,0
1349,OTHER,T36,41,2,10,25,-1,-1,SELLER,00T36@0,0,41,-1,-1,0
1350,T22,OTHER,41,3,49,25,-1,-1,09T22@4,BUYER,0,41,-1,-1,5
1347,T22,OTHER,41,1,49,25,-1,-1,09T22@4,BUYER,0,41,-1,-1,5
1352,OTHER,T35,41,1,10,25,-1,-1,SELLER,01T35@0,0,-1,-1,-1,0
1354,OTHER,T36,41,2,10,25,-1,-1,SELLER,00T36@0,0,41,-1,-1,0
1357,OTHER,T35,41,5,10,25,-1,-1,SELLER,01T35@0,0,-1,-1,-1,0
1369,T37,OTHER,41,2,49,-1,-1,-1,08T37@4,BUYER,0,-1,-1,-1,5
1346,T22,OTHER,41,3,49,25,-1,-1,09T22@4,BUYER,0,41,-1,-1,5
1358,OTHER,T35,41,3,10,25,-1,-1,SELLER,01T35@0,0,-1,-1,-1,0
1342,OTHER,T36,41,1,10,25,-1,-1,SELLER,00T36@0,0,41,-1,-1,0
1359,T37,OTHER,41,2,49,-1,-1,-1,08T37@4,BUYER,0,-1,-1,-1,5
1345,OTHER,T35,41,1,10,25,-1,-1,SELLER,01T35@0,0,-1,-1,-1,0
1361,T37,OTHER,41,2,49,-1,-1,-1,08T37@4,BUYER,0,-1,-1,-1,5
1340,T22,OTHER,41,1,49,25,-1,-1,09T22@4,BUYER,0,41,-1,-1,5
1341,OTHER,T36,41,3,10,25,-1,-1,SELLER,00T36@0,0,41,-1,-1,0
1365,T37,OTHER,41,2,49,-1,-1,-1,08T37@4,BUYER,0,-1,-1,-1,5
1396,OTHER,T36,42,3,10,26,-1,-1,SELLER,00T36@0,0,42,-1,-1,0
1378,T22,OTHER,42,1,49,26,-1,-1,09T22@4,BUYER,0,42,-1,-1,5
1379,T37,OTHER,42,1,49,26,-1,-1,08T37@4,BUYER,0,42,-1,-1,5
1380,OTHER,T35,42,1,10,26,-1,-1,SELLER,01T35@0,0,-1,-1,-1,0
1398,T22,OTHER,42,3,49,26,-1,-1,09T22@4,BUYER,0,42,-1,-1,5
1381,T37,OTHER,42,4,49,26,-1,-1,08T37@4,BUYER,0,42,-1,-1,5
1596,T37,T22,42,65,37,-1,-1,32,06T37@3,09T22@4,2,-1,-1,-1,4
1401,OTHER,T35,42,3,10,26,-1,-1,SELLER,01T35@0,0,-1,-1,-1,0
1409,T37,OTHER,42,3,49,-1,-1,-1,08T37@4,BUYER,0,-1,-1,-1,5
1392,OTHER,T35,42,3,10,26,-1,-1,SELLER,01T35@0,0,-1,-1,-1,0
1391,T22,OTHER,42,1,49,26,-1,-1,09T22@4,BUYER,0,42,-1,-1,5
1383,OTHER,T35,42,3,10,26,-1,-1,SELLER,01T35@0,0,-1,-1,-1,0
1376,T22,OTHER,42,1,49,26,-1,-1,09T22@4,BUYER,0,42,-1,-1,5
1389,OTHER,T36,42,1,10,26,-1,-1,SELLER,00T36@0,0,42,-1,-1,0
1386,OTHER,T36,42,4,10,26,-1,-1,SELLER,00T36@0,0,42,-1,-1,0
1387,T22,OTHER,42,2,49,26,-1,-1,09T22@4,BUYER,0,42,-1,-1,5
1393,T22,OTHER,42,2,49,26,-1,-1,09T22@4,BUYER,0,42,-1,-1,5
1375,OTHER,T35,42,2,10,26,-1,-1,SELLER,01T35@0,0,-1,-1,-1,0
1734,T36,T37,42,5,31,39,-1,39,04T36@2,06T37@3,6,42,-1,-1,3
1395,T22,OTHER,42,2,49,26,-1,-1,09T22@4,BUYER,0,42,-1,-1,5
1695,T36,T36,42,34,34,37,-1,37,03T36@1,04T36@2,17,42,-1,-1,2
1668,T36,T37,42,14,22,36,-1,36,00T36@0,02T37@1,17,42,-1,-1,1
1815,T37,T37,42,9,18,-1,-1,42,06T37@3,08T37@4,17,-1,-1,-1,4
1705,T37,T37,42,3,55,-1,-1,37,06T37@3,08T37@4,17,-1,-1,-1,4
1711,T36,T37,42,5,15,38,-1,38,04T36@2,06T37@3,17,42,-1,-1,3
1691,T37,T36,42,17,32,37,-1,37,02T37@1,04T36@2,17,42,-1,-1,2
1755,T36,T37,42,5,8,40,-1,40,00T36@0,02T37@1,17,42,-1,-1,1
1751,T37,T36,42,5,12,-1,-1,39,02T37@1,04T36@2,17,-1,-1,-1,2
1766,T36,T36,42,5,7,40,-1,40,00T36@0,03T36@1,17,42,-1,-1,1
1713,T37,T22,43,1,56,38,-1,38,06T37@3,09T22@4,17,43,-1,-1,4
1720,T37,T37,43,3,55,38,-1,38,06T37@3,08T37@4,17,43,-1,-1,4
1762,T36,T36,43,19,22,40,-1,40,03T36@1,04T36@2,2,43,-1,-1,2
1412,OTHER,T36,43,2,10,27,-1,-1,SELLER,00T36@0,0,43,-1,-1,0
1413,T22,OTHER,43,1,49,27,-1,-1,09T22@4,BUYER,0,43,-1,-1,5
1414,T22,OTHER,43,1,49,27,-1,-1,09T22@4,BUYER,0,43,-1,-1,5
1416,OTHER,T36,43,3,10,27,-1,-1,SELLER,00T36@0,0,43,-1,-1,0
1417,OTHER,T35,43,3,10,27,-1,-1,SELLER,01T35@0,0,-1,-1,-1,0
1418,OTHER,T35,43,1,10,27,-1,-1,SELLER,01T35@0,0,-1,-1,-1,0
1419,T22,OTHER,43,3,49,27,-1,-1,09T22@4,BUYER,0,43,-1,-1,5
1731,T36,T36,43,19,22,39,-1,39,03T36@1,04T36@2,2,43,-1,-1,2
1699,T37,T37,43,1,56,-1,-1,37,06T37@3,08T37@4,17,-1,-1,-1,4
1437,T22,OTHER,43,3,49,27,-1,-1,09T22@4,BUYER,0,43,-1,-1,5
1638,T37,T22,43,1,56,-1,-1,34,06T37@3,09T22@4,17,-1,-1,-1,4
1435,T37,OTHER,43,2,49,27,-1,-1,08T37@4,BUYER,0,43,-1,-1,5
1438,OTHER,T36,43,1,10,27,-1,-1,SELLER,00T36@0,0,43,-1,-1,0
1434,OTHER,T36,43,2,10,27,-1,-1,SELLER,00T36@0,0,43,-1,-1,0
1433,T37,OTHER,43,1,49,27,-1,-1,08T37@4,BUYER,0,43,-1,-1,5
1430,T22,OTHER,43,1,49,27,-1,-1,09T22@4,BUYER,0,43,-1,-1,5
1654,T37,T22,43,1,56,-1,-1,35,06T37@3,09T22@4,17,-1,-1,-1,4
1429,OTHER,T36,43,3,10,27,-1,-1,SELLER,00T36@0,0,43,-1,-1,0
1420,T37,OTHER,43,3,49,27,-1,-1,08T37@4,BUYER,0,43,-1,-1,5
1428,T37,OTHER,43,3,49,27,-1,-1,08T37@4,BUYER,0,43,-1,-1,5
1440,OTHER,T35,43,1,10,27,-1,-1,SELLER,01T35@0,0,-1,-1,-1,0
1441,T37,OTHER,43,2,49,27,-1,-1,08T37@4,BUYER,0,43,-1,-1,5
1426,OTHER,T36,43,2,10,27,-1,-1,SELLER,00T36@0,0,43,-1,-1,0
1674,T37,T22,43,1,56,-1,-1,36,06T37@3,09T22@4,17,-1,-1,-1,4
1422,OTHER,T36,43,1,10,27,-1,-1,SELLER,00T36@0,0,43,-1,-1,0
1439,OTHER,T36,43,1,10,27,-1,-1,SELLER,00T36@0,0,43,-1,-1,0
1637,T37,T37,44,5,56,-1,-1,34,06T37@3,08T37@4,17,-1,-1,-1,4
1469,T22,OTHER,44,2,49,28,-1,-1,09T22@4,BUYER,0,44,-1,-1,5
1667,T36,T36,44,17,20,36,-1,36,00T36@0,03T36@1,17,44,-1,-1,1
1644,T36,T36,44,17,20,35,-1,35,00T36@0,03T36@1,17,44,-1,-1,1
1743,T36,T36,44,1,33,39,-1,39,03T36@1,04T36@2,17,44,-1,-1,2
1741,T37,T22,44,3,55,39,-1,39,06T37@3,09T22@4,17,44,-1,-1,4
1868,T36,T37,44,5,17,-1,-1,44,04T36@2,06T37@3,17,-1,-1,-1,3
1468,OTHER,T36,44,3,10,28,-1,-1,SELLER,00T36@0,0,44,-1,-1,0
1455,OTHER,T35,44,4,10,28,-1,-1,SELLER,01T35@0,0,-1,-1,-1,0
1452,OTHER,T35,44,1,10,28,-1,-1,SELLER,01T35@0,0,-1,-1,-1,0
1487,T37,OTHER,44,2,49,-1,-1,-1,08T37@4,BUYER,0,-1,-1,-1,5
1457,OTHER,T36,44,2,10,28,-1,-1,SELLER,00T36@0,0,44,-1,-1,0
1459,OTHER,T36,44,1,10,28,-1,-1,SELLER,00T36@0,0,44,-1,-1,0
1484,T37,OTHER,44,2,49,-1,-1,-1,08T37@4,BUYER,0,-1,-1,-1,5
1483,T37,OTHER,44,3,49,-1,-1,-1,08T37@4,BUYER,0,-1,-1,-1,5
1460,T37,OTHER,44,1,49,28,-1,-1,08T37@4,BUYER,0,44,-1,-1,5
1488,T37,OTHER,44,2,49,-1,-1,-1,08T37@4,BUYER,0,-1,-1,-1,5
1461,T22,OTHER,44,2,49,28,-1,-1,09T22@4,BUYER,0,44,-1,-1,5
1449,OTHER,T36,44,2,10,28,-1,-1,SELLER,00T36@0,0,44,-1,-1,0
1479,OTHER,T36,44,2,10,28,-1,-1,SELLER,00T36@0,0,44,-1,-1,0
1463,OTHER,T35,44,1,10,28,-1,-1,SELLER,01T35@0,0,-1,-1,-1,0
1477,T22,OTHER,44,1,49,28,-1,-1,09T22@4,BUYER,0,44,-1,-1,5
1476,T22,OTHER,44,2,49,28,-1,-1,09T22@4,BUYER,0,44,-1,-1,5
1464,OTHER,T36,44,1,10,28,-1,-1,SELLER,00T36@0,0,44,-1,-1,0
1474,OTHER,T35,44,2,10,28,-1,-1,SELLER,01T35@0,0,-1,-1,-1,0
1467,OTHER,T36,44,1,10,28,-1,-1,SELLER,00T36@0,0,44,-1,-1,0
1735,T36,T37,44,5,7,39,-1,39,00T36@0,02T37@1,17,44,-1,-1,1
1480,T37,OTHER,44,2,49,-1,-1,-1,08T37@4,BUYER,0,-1,-1,-1,5
1454,T37,OTHER,44,1,49,28,-1,-1,08T37@4,BUYER,0,44,-1,-1,5
1503,T22,OTHER,45,3,49,29,-1,-1,09T22@4,BUYER,0,45,-1,-1,5
1505,T22,OTHER,45,1,49,29,-1,-1,09T22@4,BUYER,0,45,-1,-1,5
1506,OTHER,T36,45,3,10,29,-1,-1,SELLER,00T36@0,0,45,-1,-1,0
1518,T37,OTHER,45,1,49,-1,-1,-1,08T37@4,BUYER,0,-1,-1,-1,5
1510,OTHER,T36,45,1,10,29,-1,-1,SELLER,00T36@0,0,45,-1,-1,0
1511,T22,OTHER,45,4,49,29,-1,-1,09T22@4,BUYER,0,45,-1,-1,5
1515,T37,OTHER,45,3,49,-1,-1,-1,08T37@4,BUYER,0,-1,-1,-1,5
1517,T37,OTHER,45,1,49,-1,-1,-1,08T37@4,BUYER,0,-1,-1,-1,5
1502,OTHER,T36,45,1,10,29,-1,-1,SELLER,00T36@0,0,45,-1,-1,0
1519,T37,OTHER,45,2,49,-1,-1,-1,08T37@4,BUYER,0,-1,-1,-1,5
1652,T36,T37,45,4,47,35,-1,35,04T36@2,06T37@3,17,45,-1,-1,3
1501,OTHER,T36,45,4,10,29,-1,-1,SELLER,00T36@0,0,45,-1,-1,0
1509,OTHER,T36,45,2,10,29,-1,-1,SELLER,00T36@0,0,45,-1,-1,0
1494,OTHER,T36,45,1,10,29,-1,-1,SELLER,00T36@0,0,45,-1,-1,0
1493,T22,OTHER,45,1,49,29,-1,-1,09T22@4,BUYER,0,45,-1,-1,5
1492,T22,OTHER,45,1,49,29,-1,-1,09T22@4,BUYER,0,45,-1,-1,5
1521,T37,OTHER,45,1,49,-1,-1,-1,08T37@4,BUYER,0,-1,-1,-1,5
1694,T36,T37,45,60,46,37,-1,37,04T36@2,06T37@3,17,45,-1,-1,3
1802,T36,T36,45,5,12,42,-1,42,03T36@1,04T36@2,17,45,-1,-1,2
1774,T37,T22,45,3,55,-1,-1,40,06T37@3,09T22@4,17,-1,-1,-1,4
1498,T22,OTHER,45,2,49,29,-1,-1,09T22@4,BUYER,0,45,-1,-1,5
1673,T36,T37,46,22,14,36,-1,36,00T36@0,02T37@1,2,46,-1,-1,1
1661,T36,T37,46,4,47,36,-1,36,04T36@2,06T37@3,17,46,-1,-1,3
1915,T36,T37,46,5,31,-1,-1,46,04T36@2,06T37@3,2,-1,-1,-1,3
1696,T36,T36,46,13,20,37,-1,37,00T36@0,03T36@1,17,46,-1,-1,1
1797,T37,T22,46,58,57,-1,-1,41,06T37@3,09T22@4,17,-1,-1,-1,4
1791,T36,T36,46,1,33,41,-1,41,03T36@1,04T36@2,17,46,-1,-1,2
1522,T22,OTHER,46,3,49,30,-1,-1,09T22@4,BUYER,0,46,-1,-1,5
1552,T37,OTHER,46,1,49,-1,-1,-1,08T37@4,BUYER,0,-1,-1,-1,5
1541,T22,OTHER,46,1,49,30,-1,-1,09T22@4,BUYER,0,46,-1,-1,5
1539,T22,OTHER,46,1,49,30,-1,-1,09T22@4,BUYER,0,46,-1,-1,5
1528,T22,OTHER,46,1,49,30,-1,-1,09T22@4,BUYER,0,46,-1,-1,5
1531,OTHER,T36,46,2,10,30,-1,-1,SELLER,00T36@0,0,46,-1,-1,0
1524,OTHER,T36,46,1,10,30,-1,-1,SELLER,00T36@0,0,46,-1,-1,0
1543,OTHER,T36,46,1,10,30,-1,-1,SELLER,00T36@0,0,46,-1,-1,0
1540,T22,OTHER,46,1,49,30,-1,-1,09T22@4,BUYER,0,46,-1,-1,5
1545,OTHER,T36,46,3,10,30,-1,-1,SELLER,00T36@0,0,46,-1,-1,0
1544,T22,OTHER,46,2,49,30,-1,-1,09T22@4,BUYER,0,46,-1,-1,5
1548,T37,OTHER,46,3,49,-1,-1,-1,08T37@4,BUYER,0,-1,-1,-1,5
1525,T22,OTHER,46,2,49,30,-1,-1,09T22@4,BUYER,0,46,-1,-1,5
1527,OTHER,T36,46,3,10,30,-1,-1,SELLER,00T36@0,0,46,-1,-1,0
1550,T37,OTHER,46,3,49,-1,-1,-1,08T37@4,BUYER,0,-1,-1,-1,5
1530,OTHER,T36,46,1,10,30,-1,-1,SELLER,00T36@0,0,46,-1,-1,0
1546,T37,OTHER,46,2,49,-1,-1,-1,08T37@4,BUYER,0,-1,-1,-1,5
1814,T37,T36,47,5,12,42,-1,42,02T37@1,04T36@2,17,47,-1,-1,2
1861,T37,T37,47,10,37,44,-1,44,06T37@3,08T37@4,2,47,-1,-1,4
1689,T36,T37,47,27,31,37,-1,37,04T36@2,06T37@3,2,47,-1,-1,3
1891,T37,T22,47,10,37,45,-1,45,06T37@3,09T22@4,2,47,-1,-1,4
1576,T37,OTHER,47,4,49,-1,-1,-1,08T37@4,BUYER,0,-1,-1,-1,5
1574,T37,OTHER,47,1,49,-1,-1,-1,08T37@4,BUYER,0,-1,-1,-1,5
1573,T37,OTHER,47,2,49,-1,-1,-1,08T37@4,BUYER,0,-1,-1,-1,5
1572,T37,OTHER,47,1,49,-1,-1,-1,08T37@4,BUYER,0,-1,-1,-1,5
1835,T36,T37,47,16,22,43,-1,43,00T36@0,02T37@1,17,47,-1,-1,1
1568,OTHER,T36,47,2,10,31,-1,-1,SELLER,00T36@0,0,47,-1,-1,0
1706,T37,T22,47,47,37,-1,-1,37,06T37@3,09T22@4,2,-1,-1,-1,4
1837,T36,T36,47,16,22,43,-1,43,00T36@0,03T36@1,17,47,-1,-1,1
1556,T22,OTHER,47,2,49,31,-1,-1,09T22@4,BUYER,0,47,-1,-1,5
1557,OTHER,T36,47,1,10,31,-1,-1,SELLER,00T36@0,0,47,-1,-1,0
1559,T22,OTHER,47,2,49,31,-1,-1,09T22@4,BUYER,0,47,-1,-1,5
1721,T36,T37,47,13,20,38,-1,38,00T36@0,02T37@1,17,47,-1,-1,1
1569,T22,OTHER,47,1,49,31,-1,-1,09T22@4,BUYER,0,47,-1,-1,5
1564,OTHER,T36,47,1,10,31,-1,-1,SELLER,00T36@0,0,47,-1,-1,0
1566,OTHER,T36,47,2,10,31,-1,-1,SELLER,00T36@0,0,47,-1,-1,0
1567,T22,OTHER,47,2,49,31,-1,-1,09T22@4,BUYER,0,47,-1,-1,5
1553,T22,OTHER,47,5,49,31,-1,-1,09T22@4,BUYER,0,47,-1,-1,5
1710,T37,T22,47,47,37,38,-1,38,06T37@3,09T22@4,2,47,-1,-1,4
1565,OTHER,T36,47,2,10,31,-1,-1,SELLER,00T36@0,0,47,-1,-1,0
1690,T37,T22,47,3,56,37,-1,37,06T37@3,09T22@4,17,47,-1,-1,4
1591,OTHER,T36,48,1,10,32,-1,-1,SELLER,00T36@0,0,48,-1,-1,0
1916,T36,T37,48,5,17,-1,-1,46,04T36@2,06T37@3,17,-1,-1,-1,3
1590,T22,OTHER,48,2,49,32,-1,-1,09T22@4,BUYER,0,48,-1,-1,5
1886,T36,T36,48,13,14,45,-1,45,00T36@0,03T36@1,2,48,-1,-1,1
1582,OTHER,T36,48,2,10,32,-1,-1,SELLER,00T36@0,0,48,-1,-1,0
1588,OTHER,T36,48,1,10,32,-1,-1,SELLER,00T36@0,0,48,-1,-1,0
1587,T37,OTHER,48,2,49,32,-1,-1,08T37@4,BUYER,0,48,-1,-1,5
1586,T22,OTHER,48,1,49,32,-1,-1,09T22@4,BUYER,0,48,-1,-1,5
1583,T22,OTHER,48,2,49,32,-1,-1,09T22@4,BUYER,0,48,-1,-1,5
1589,OTHER,T36,48,1,10,32,-1,-1,SELLER,00T36@0,0,48,-1,-1,0
1592,T37,OTHER,48,4,49,32,-1,-1,08T37@4,BUYER,0,48,-1,-1,5
1597,T37,OTHER,48,2,49,-1,-1,-1,08T37@4,BUYER,0,-1,-1,-1,5
1594,T22,OTHER,48,2,49,32,-1,-1,09T22@4,BUYER,0,48,-1,-1,5
1715,T37,T36,48,18,34,38,-1,38,02T37@1,04T36@2,17,48,-1,-1,2
1714,T37,T22,48,3,56,38,-1,38,06T37@3,09T22@4,17,48,-1,-1,4
1593,OTHER,T36,48,2,10,32,-1,-1,SELLER,00T36@0,0,48,-1,-1,0
1584,OTHER,T36,48,3,10,32,-1,-1,SELLER,00T36@0,0,48,-1,-1,0
1578,T37,OTHER,48,1,49,32,-1,-1,08T37@4,BUYER,0,48,-1,-1,5
1598,T37,OTHER,48,1,49,-1,-1,-1,08T37@4,BUYER,0,-1,-1,-1,5
1824,T36,T37,48,4,46,43,-1,43,04T36@2,06T37@3,17,48,-1,-1,3
1923,T37,T37,48,11,37,-1,-1,46,06T37@3,08T37@4,2,-1,-1,-1,4
1831,T37,T22,48,1,55,43,-1,43,06T37@3,09T22@4,17,48,-1,-1,4
1595,T22,OTHER,48,2,49,32,-1,-1,09T22@4,BUYER,0,48,-1,-1,5
1585,T22,OTHER,48,1,49,32,-1,-1,09T22@4,BUYER,0,48,-1,-1,5
1859,T36,T36,49,15,22,44,-1,44,00T36@0,03T36@1,17,49,-1,-1,1
1827,T36,T36,49,13,22,43,-1,43,00T36@0,03T36@1,17,49,-1,-1,1
1866,T37,T37,49,3,55,44,-1,44,06T37@3,08T37@4,17,49,-1,-1,4
1801,T37,T22,49,72,37,-1,-1,41,06T37@3,09T22@4,2,-1,-1,-1,4
1867,T37,T22,49,3,55,44,-1,44,06T37@3,09T22@4,17,49,-1,-1,4
1739,T37,T36,49,1,33,39,-1,39,02T37@1,04T36@2,17,49,-1,-1,2
1736,T37,T37,49,3,56,39,-1,39,06T37@3,08T37@4,17,49,-1,-1,4
1604,OTHER,T36,49,2,10,33,-1,-1,SELLER,00T36@0,0,49,-1,-1,0
1602,OTHER,T36,49,1,10,33,-1,-1,SELLER,00T36@0,0,49,-1,-1,0
1600,T22,OTHER,49,2,49,33,-1,-1,09T22@4,BUYER,0,49,-1,-1,5
1620,T37,OTHER,49,3,49,-1,-1,-1,08T37@4,BUYER,0,-1,-1,-1,5
1601,T22,OTHER,49,1,49,33,-1,-1,09T22@4,BUYER,0,49,-1,-1,5
1599,T37,OTHER,49,3,49,33,-1,-1,08T37@4,BUYER,0,49,-1,-1,5
1618,T37,OTHER,49,2,49,-1,-1,-1,08T37@4,BUYER,0,-1,-1,-1,5
1616,T22,OTHER,49,2,49,33,-1,-1,09T22@4,BUYER,0,49,-1,-1,5
1615,OTHER,T36,49,1,10,33,-1,-1,SELLER,00T36@0,0,49,-1,-1,0
1613,OTHER,T36,49,2,10,33,-1,-1,SELLER,00T36@0,0,49,-1,-1,0
1612,OTHER,T36,49,1,10,33,-1,-1,SELLER,00T36@0,0,49,-1,-1,0
1614,T22,OTHER,49,2,49,33,-1,-1,09T22@4,BUYER,0,49,-1,-1,5
1887,T37,T37,49,3,55,45,-1,45,06T37@3,08T37@4,17,49,-1,-1,4
1610,T37,OTHER,49,1,49,33,-1,-1,08T37@4,BUYER,0,49,-1,-1,5
1609,T37,OTHER,49,2,49,33,-1,-1,08T37@4,BUYER,0,49,-1,-1,5
1608,OTHER,T36,49,1,10,33,-1,-1,SELLER,00T36@0,0,49,-1,-1,0
1607,OTHER,T36,49,2,10,33,-1,-1,SELLER,00T36@0,0,49,-1,-1,0
1606,OTHER,T36,49,3,10,33,-1,-1,SELLER,00T36@0,0,49,-1,-1,0
1611,OTHER,T36,49,2,10,33,-1,-1,SELLER,00T36@0,0,49,-1,-1,0
1603,T22,OTHER,49,1,49,33,-1,-1,09T22@4,BUYER,0,49,-1,-1,5
1605,T37,OTHER,49,1,49,33,-1,-1,08T37@4,BUYER,0,49,-1,-1,5
1625,OTHER,T36,50,1,10,34,-1,-1,SELLER,00T36@0,0,50,-1,-1,0
1624,T37,OTHER,50,2,49,34,-1,-1,08T37@4,BUYER,0,50,-1,-1,5
1623,T37,OTHER,50,2,49,34,-1,-1,08T37@4,BUYER,0,50,-1,-1,5
1622,T22,OTHER,50,1,49,34,-1,-1,09T22@4,BUYER,0,50,-1,-1,5
1761,T36,T36,50,17,20,40,-1,40,00T36@0,03T36@1,17,50,-1,-1,1
1765,T37,T37,50,3,56,40,-1,40,06T37@3,08T37@4,17,50,-1,-1,4
1777,T37,T37,50,49,37,-1,-1,40,06T37@3,08T37@4,2,-1,-1,-1,4
1764,T36,T36,50,37,32,40,-1,40,03T36@1,04T36@2,17,50,-1,-1,2
1621,T22,OTHER,50,3,49,34,-1,-1,09T22@4,BUYER,0,50,-1,-1,5
1626,OTHER,T36,50,1,10,34,-1,-1,SELLER,00T36@0,0,50,-1,-1,0
1878,T36,T37,50,18,22,45,-1,45,00T36@0,02T37@1,17,50,-1,-1,1
1628,T37,OTHER,50,2,49,34,-1,-1,08T37@4,BUYER,0,50,-1,-1,5
1919,T37,T37,50,10,37,-1,-1,46,06T37@3,08T37@4,2,-1,-1,-1,4
1950,T36,T36,50,5,7,48,-1,48,00T36@0,03T36@1,17,50,-1,-1,1
1957,T36,T37,50,5,7,48,-1,48,00T36@0,02T37@1,17,50,-1,-1,1
1962,T37,T22,50,10,37,-1,-1,48,06T37@3,09T22@4,2,-1,-1,-1,4
1627,T37,OTHER,50,1,49,34,-1,-1,08T37@4,BUYER,0,50,-1,-1,5
1987,T37,T22,50,10,37,-1,-1,49,06T37@3,09T22@4,2,-1,-1,-1,4
1639,T37,OTHER,50,2,49,-1,-1,-1,08T37@4,BUYER,0,-1,-1,-1,5
1918,T37,T37,50,1,55,-1,-1,46,06T37@3,08T37@4,17,-1,-1,-1,4
1635,T22,OTHER,50,3,49,34,-1,-1,09T22@4,BUYER,0,50,-1,-1,5
1632,OTHER,T36,50,3,10,34,-1,-1,SELLER,00T36@0,0,50,-1,-1,0
1631,OTHER,T36,50,1,10,34,-1,-1,SELLER,00T36@0,0,50,-1,-1,0
1630,OTHER,T36,50,2,10,34,-1,-1,SELLER,00T36@0,0,50,-1,-1,0
1629,T22,OTHER,50,1,49,34,-1,-1,09T22@4,BUYER,0,50,-1,-1,5
1897,T36,T37,50,4,46,-1,-1,45,04T36@2,06T37@3,17,-1,-1,-1,3
1792,T36,T36,50,41,22,41,-1,41,03T36@1,04T36@2,2,50,-1,-1,2
1890,T37,T37,50,1,55,45,-1,45,06T37@3,08T37@4,17,50,-1,-1,4
1882,T37,T22,50,1,55,45,-1,45,06T37@3,09T22@4,17,50,-1,-1,4
1634,T22,OTHER,50,3,49,34,-1,-1,09T22@4,BUYER,0,50,-1,-1,5
1917,T37,T22,50,1,55,-1,-1,46,06T37@3,09T22@4,17,-1,-1,-1,4
1901,T37,T36,51,22,32,46,-1,46,02T37@1,04T36@2,17,51,-1,-1,2
1907,T36,T36,51,22,32,46,-1,46,03T36@1,04T36@2,17,51,-1,-1,2
2017,T36,T36,51,5,11,51,-1,51,03T36@1,04T36@2,17,51,-1,-1,2
1989,T37,T36,51,5,11,50,-1,50,02T37@1,04T36@2,17,51,-1,-1,2
1796,T37,T37,51,58,54,-1,-1,41,06T37@3,08T37@4,17,-1,-1,-1,4
1783,T37,T36,51,1,33,41,-1,41,02T37@1,04T36@2,17,51,-1,-1,2
1788,T36,T37,51,4,47,41,-1,41,04T36@2,06T37@3,17,51,-1,-1,3
1963,T37,T22,51,4,18,-1,-1,48,06T37@3,09T22@4,17,-1,-1,-1,4
1965,T37,T37,51,4,18,-1,-1,48,06T37@3,08T37@4,17,-1,-1,-1,4
1658,T22,OTHER,51,2,49,-1,-1,-1,09T22@4,BUYER,0,-1,-1,-1,5
1650,OTHER,T36,51,1,10,35,-1,-1,SELLER,00T36@0,0,51,-1,-1,0
1649,T22,OTHER,51,1,49,35,-1,-1,09T22@4,BUYER,0,51,-1,-1,5
1640,T22,OTHER,51,1,49,35,-1,-1,09T22@4,BUYER,0,51,-1,-1,5
1645,OTHER,T36,51,2,10,35,-1,-1,SELLER,00T36@0,0,51,-1,-1,0
1646,T37,OTHER,51,2,49,35,-1,-1,08T37@4,BUYER,0,51,-1,-1,5
1660,T22,OTHER,51,1,49,-1,-1,-1,09T22@4,BUYER,0,-1,-1,-1,5
1647,OTHER,T36,51,5,10,35,-1,-1,SELLER,00T36@0,0,51,-1,-1,0
1643,T37,OTHER,51,3,49,35,-1,-1,08T37@4,BUYER,0,51,-1,-1,5
1659,T22,OTHER,51,4,49,-1,-1,-1,09T22@4,BUYER,0,-1,-1,-1,5
1657,T37,OTHER,51,1,49,-1,-1,-1,08T37@4,BUYER,0,-1,-1,-1,5
1656,T22,OTHER,51,2,49,-1,-1,-1,09T22@4,BUYER,0,-1,-1,-1,5
1655,T37,OTHER,51,2,49,-1,-1,-1,08T37@4,BUYER,0,-1,-1,-1,5
1648,T37,OTHER,51,1,49,35,-1,-1,08T37@4,BUYER,0,51,-1,-1,5
1651,OTHER,T36,51,1,10,35,-1,-1,SELLER,00T36@0,0,51,-1,-1,0
1677,T22,OTHER,52,2,49,-1,-1,-1,09T22@4,BUYER,0,-1,-1,-1,5
1679,T22,OTHER,52,2,49,-1,-1,-1,09T22@4,BUYER,0,-1,-1,-1,5
1680,T22,OTHER,52,1,49,-1,-1,-1,09T22@4,BUYER,0,-1,-1,-1,5
1681,T37,OTHER,52,3,49,-1,-1,-1,08T37@4,BUYER,0,-1,-1,-1,5
1931,T36,T36,52,1,33,47,-1,47,03T36@1,04T36@2,17,52,-1,-1,2
1675,T22,OTHER,52,2,49,-1,-1,-1,09T22@4,BUYER,0,-1,-1,-1,5
1683,T37,OTHER,52,2,49,-1,-1,-1,08T37@4,BUYER,0,-1,-1,-1,5
1934,T36,T37,52,13,22,47,-1,47,00T36@0,02T37@1,17,52,-1,-1,1
1684,T22,OTHER,52,1,49,-1,-1,-1,09T22@4,BUYER,0,-1,-1,-1,5
1941,T36,T36,52,13,22,47,-1,47,00T36@0,03T36@1,17,52,-1,-1,1
1954,T37,T22,52,9,37,48,-1,48,06T37@3,09T22@4,2,52,-1,-1,4
1830,T36,T37,52,13,20,43,-1,43,00T36@0,02T37@1,17,52,-1,-1,1
1811,T36,T36,52,16,20,42,-1,42,00T36@0,03T36@1,17,52,-1,-1,1
1939,T37,T36,52,1,33,47,-1,47,02T37@1,04T36@2,17,52,-1,-1,2
1980,T36,T36,52,5,22,49,-1,49,03T36@1,04T36@2,6,52,-1,-1,2
1672,T37,OTHER,52,2,49,36,-1,-1,08T37@4,BUYER,0,52,-1,-1,5
1671,OTHER,T36,52,2,10,36,-1,-1,SELLER,00T36@0,0,52,-1,-1,0
1669,OTHER,T36,52,2,10,36,-1,-1,SELLER,00T36@0,0,52,-1,-1,0
1666,T37,OTHER,52,1,49,36,-1,-1,08T37@4,BUYER,0,52,-1,-1,5
1665,T37,OTHER,52,1,49,36,-1,-1,08T37@4,BUYER,0,52,-1,-1,5
1981,T37,T36,52,5,12,49,-1,49,02T37@1,04T36@2,17,52,-1,-1,2
1966,T37,T37,52,9,37,-1,-1,48,06T37@3,08T37@4,2,-1,-1,-1,4
1664,T37,OTHER,52,1,49,36,-1,-1,08T37@4,BUYER,0,52,-1,-1,5
1662,OTHER,T36,52,2,10,36,-1,-1,SELLER,00T36@0,0,52,-1,-1,0
1663,T37,OTHER,52,2,49,36,-1,-1,08T37@4,BUYER,0,52,-1,-1,5
1701,T22,OTHER,53,4,49,-1,-1,-1,09T22@4,BUYER,0,-1,-1,-1,5
1693,T37,OTHER,53,3,49,37,-1,-1,08T37@4,BUYER,0,53,-1,-1,5
1688,T37,OTHER,53,2,49,37,-1,-1,08T37@4,BUYER,0,53,-1,-1,5
1698,OTHER,T36,53,2,10,37,-1,-1,SELLER,00T36@0,0,53,-1,-1,0
1700,T22,OTHER,53,1,49,-1,-1,-1,09T22@4,BUYER,0,-1,-1,-1,5
1692,OTHER,T36,53,3,10,37,-1,-1,SELLER,00T36@0,0,53,-1,-1,0
1865,T37,T22,53,1,56,44,-1,44,06T37@3,09T22@4,17,53,-1,-1,4
1685,OTHER,T36,53,1,10,37,-1,-1,SELLER,00T36@0,0,53,-1,-1,0
1850,T37,T37,53,1,56,44,-1,44,06T37@3,08T37@4,17,53,-1,-1,4
1992,T36,T36,53,11,22,50,-1,50,00T36@0,03T36@1,17,53,-1,-1,1
1702,T22,OTHER,53,2,49,-1,-1,-1,09T22@4,BUYER,0,-1,-1,-1,5
1951,T37,T37,53,1,55,48,-1,48,06T37@3,08T37@4,17,53,-1,-1,4
1974,T36,T36,53,11,22,49,-1,49,00T36@0,03T36@1,17,53,-1,-1,1
1968,T37,T22,53,1,55,49,-1,49,06T37@3,09T22@4,17,53,-1,-1,4
2056,T36,T37,53,5,17,-1,-1,53,04T36@2,06T37@3,17,-1,-1,-1,3
1687,T37,OTHER,53,1,49,37,-1,-1,08T37@4,BUYER,0,53,-1,-1,5
1703,T22,OTHER,53,1,49,-1,-1,-1,09T22@4,BUYER,0,-1,-1,-1,5
1829,T37,T37,53,1,56,43,-1,43,06T37@3,08T37@4,17,53,-1,-1,4
1708,T22,OTHER,53,3,49,-1,-1,-1,09T22@4,BUYER,0,-1,-1,-1,5
1704,T37,OTHER,53,2,49,-1,-1,-1,08T37@4,BUYER,0,-1,-1,-1,5
1707,T22,OTHER,53,1,49,-1,-1,-1,09T22@4,BUYER,0,-1,-1,-1,5
1717,OTHER,T36,54,2,10,38,-1,-1,SELLER,00T36@0,0,54,-1,-1,0
1876,T36,T37,54,27,31,45,-1,45,04T36@2,06T37@3,2,54,-1,-1,3
1875,T37,T22,54,3,56,45,-1,45,06T37@3,09T22@4,17,54,-1,-1,4
1724,T22,OTHER,54,3,49,-1,-1,-1,09T22@4,BUYER,0,-1,-1,-1,5
1723,T22,OTHER,54,1,49,-1,-1,-1,09T22@4,BUYER,0,-1,-1,-1,5
2041,T36,T37,54,5,8,52,-1,52,00T36@0,02T37@1,17,54,-1,-1,1
1722,T22,OTHER,54,1,49,-1,-1,-1,09T22@4,BUYER,0,-1,-1,-1,5
1719,T37,OTHER,54,1,49,38,-1,-1,08T37@4,BUYER,0,54,-1,-1,5
1718,T37,OTHER,54,4,49,38,-1,-1,08T37@4,BUYER,0,54,-1,-1,5
1862,T36,T37,54,23,48,44,-1,44,04T36@2,06T37@3,17,54,-1,-1,3
1995,T37,T22,54,1,55,50,-1,50,06T37@3,09T22@4,17,54,-1,-1,4
2034,T36,T36,54,5,8,52,-1,52,00T36@0,03T36@1,17,54,-1,-1,1
1847,T36,T37,54,15,20,44,-1,44,00T36@0,02T37@1,17,54,-1,-1,1
1709,OTHER,T36,54,4,10,38,-1,-1,SELLER,00T36@0,0,54,-1,-1,0
1712,OTHER,T36,54,1,10,38,-1,-1,SELLER,00T36@0,0,54,-1,-1,0
2004,T37,T22,54,5,37,-1,-1,50,06T37@3,09T22@4,2,-1,-1,-1,4
2052,T37,T22,54,7,18,-1,-1,53,06T37@3,09T22@4,17,-1,-1,-1,4
1971,T36,T36,54,11,22,49,-1,49,00T36@0,03T36@1,17,54,-1,-1,1
1725,T22,OTHER,54,2,49,-1,-1,-1,09T22@4,BUYER,0,-1,-1,-1,5
1716,T37,OTHER,54,1,49,38,-1,-1,08T37@4,BUYER,0,54,-1,-1,5
1896,T36,T37,54,23,48,-1,-1,45,04T36@2,06T37@3,17,-1,-1,-1,3
1727,T22,OTHER,54,3,49,-1,-1,-1,09T22@4,BUYER,0,-1,-1,-1,5
1729,T22,OTHER,54,3,49,-1,-1,-1,09T22@4,BUYER,0,-1,-1,-1,5
1970,T37,T37,54,1,55,49,-1,49,06T37@3,08T37@4,17,54,-1,-1,4
1728,T22,OTHER,54,1,49,-1,-1,-1,09T22@4,BUYER,0,-1,-1,-1,5
1737,OTHER,T36,55,2,10,39,-1,-1,SELLER,00T36@0,0,55,-1,-1,0
1733,T37,OTHER,55,1,49,39,-1,-1,08T37@4,BUYER,0,55,-1,-1,5
1738,T37,OTHER,55,2,49,39,-1,-1,08T37@4,BUYER,0,55,-1,-1,5
1730,OTHER,T36,55,1,10,39,-1,-1,SELLER,00T36@0,0,55,-1,-1,0
2001,T37,T37,55,24,54,50,-1,50,06T37@3,08T37@4,17,55,-1,-1,4
1740,T37,OTHER,55,1,49,39,-1,-1,08T37@4,BUYER,0,55,-1,-1,5
1993,T36,T37,55,4,46,50,-1,50,04T36@2,06T37@3,17,55,-1,-1,3
1742,T37,OTHER,55,2,49,39,-1,-1,08T37@4,BUYER,0,55,-1,-1,5
1752,T22,OTHER,55,1,49,-1,-1,-1,09T22@4,BUYER,0,-1,-1,-1,5
1746,T37,OTHER,55,1,49,39,-1,-1,08T37@4,BUYER,0,55,-1,-1,5
1747,OTHER,T36,55,2,10,39,-1,-1,SELLER,00T36@0,0,55,-1,-1,0
1748,OTHER,T36,55,2,10,39,-1,-1,SELLER,00T36@0,0,55,-1,-1,0
1749,T22,OTHER,55,3,49,-1,-1,-1,09T22@4,BUYER,0,-1,-1,-1,5
1750,T22,OTHER,55,3,49,-1,-1,-1,09T22@4,BUYER,0,-1,-1,-1,5
1899,T36,T36,55,13,20,46,-1,46,00T36@0,03T36@1,17,55,-1,-1,1
1881,T36,T36,55,18,20,45,-1,45,00T36@0,03T36@1,17,55,-1,-1,1
2008,T37,T22,55,24,54,-1,-1,50,06T37@3,09T22@4,17,-1,-1,-1,4
1745,T37,OTHER,55,3,49,39,-1,-1,08T37@4,BUYER,0,55,-1,-1,5
1744,OTHER,T36,55,2,10,39,-1,-1,SELLER,00T36@0,0,55,-1,-1,0
1732,T37,OTHER,55,3,49,39,-1,-1,08T37@4,BUYER,0,55,-1,-1,5
1758,OTHER,T36,56,1,10,40,-1,-1,SELLER,00T36@0,0,56,-1,-1,0
1757,T37,OTHER,56,2,49,40,-1,-1,08T37@4,BUYER,0,56,-1,-1,5
1990,T36,T37,56,12,22,50,-1,50,00T36@0,02T37@1,17,56,-1,-1,1
1768,T22,OTHER,56,1,49,-1,-1,-1,09T22@4,BUYER,0,-1,-1,-1,5
1767,OTHER,T36,56,2,10,40,-1,-1,SELLER,00T36@0,0,56,-1,-1,0
2082,T36,T36,56,5,11,-1,-1,56,03T36@1,04T36@2,17,-1,-1,-1,2
1900,T37,T37,56,3,56,46,-1,46,06T37@3,08T37@4,17,56,-1,-1,4
1770,T22,OTHER,56,2,49,-1,-1,-1,09T22@4,BUYER,0,-1,-1,-1,5
1898,T37,T22,56,3,56,46,-1,46,06T37@3,09T22@4,17,56,-1,-1,4
1763,OTHER,T36,56,2,10,40,-1,-1,SELLER,00T36@0,0,56,-1,-1,0
1753,OTHER,T36,56,3,10,40,-1,-1,SELLER,00T36@0,0,56,-1,-1,0
1760,OTHER,T36,56,2,10,40,-1,-1,SELLER,00T36@0,0,56,-1,-1,0
1754,T37,OTHER,56,2,49,40,-1,-1,08T37@4,BUYER,0,56,-1,-1,5
1759,OTHER,T36,56,1,10,40,-1,-1,SELLER,00T36@0,0,56,-1,-1,0
1756,OTHER,T36,56,1,10,40,-1,-1,SELLER,00T36@0,0,56,-1,-1,0
1942,T36,T37,56,14,20,47,-1,47,00T36@0,02T37@1,17,56,-1,-1,1
2088,T37,T36,56,4,11,-1,-1,56,02T37@1,04T36@2,17,-1,-1,-1,2
1769,T22,OTHER,56,1,49,-1,-1,-1,09T22@4,BUYER,0,-1,-1,-1,5
2037,T36,T36,56,14,14,52,-1,52,00T36@0,03T36@1,2,56,-1,-1,1
1778,T22,OTHER,56,2,49,-1,-1,-1,09T22@4,BUYER,0,-1,-1,-1,5
2020,T36,T36,56,12,22,51,-1,51,00T36@0,03T36@1,17,56,-1,-1,1
1937,T36,T36,56,22,34,47,-1,47,03T36@1,04T36@2,17,56,-1,-1,2
2028,T37,T36,56,5,12,-1,-1,51,02T37@1,04T36@2,17,-1,-1,-1,2
1772,T22,OTHER,56,4,49,-1,-1,-1,09T22@4,BUYER,0,-1,-1,-1,5
2025,T37,T22,56,2,55,51,-1,51,06T37@3,09T22@4,17,56,-1,-1,4
1779,T22,OTHER,56,2,49,-1,-1,-1,09T22@4,BUYER,0,-1,-1,-1,5
1773,T22,OTHER,56,3,49,-1,-1,-1,09T22@4,BUYER,0,-1,-1,-1,5
1775,T22,OTHER,56,1,49,-1,-1,-1,09T22@4,BUYER,0,-1,-1,-1,5
1794,T22,OTHER,57,2,49,-1,-1,-1,09T22@4,BUYER,0,-1,-1,-1,5
2054,T37,T22,57,7,37,-1,-1,53,06T37@3,09T22@4,2,-1,-1,-1,4
1784,T37,OTHER,57,1,49,41,-1,-1,08T37@4,BUYER,0,57,-1,-1,5
1795,T22,OTHER,57,1,49,-1,-1,-1,09T22@4,BUYER,0,-1,-1,-1,5
1790,T37,OTHER,57,1,49,41,-1,-1,08T37@4,BUYER,0,57,-1,-1,5
1786,OTHER,T36,57,1,10,41,-1,-1,SELLER,00T36@0,0,57,-1,-1,0
1789,T37,OTHER,57,1,49,41,-1,-1,08T37@4,BUYER,0,57,-1,-1,5
1798,T22,OTHER,57,2,49,-1,-1,-1,09T22@4,BUYER,0,-1,-1,-1,5
1799,T22,OTHER,57,2,49,-1,-1,-1,09T22@4,BUYER,0,-1,-1,-1,5
1787,T37,OTHER,57,3,49,41,-1,-1,08T37@4,BUYER,0,57,-1,-1,5
1800,T22,OTHER,57,4,49,-1,-1,-1,09T22@4,BUYER,0,-1,-1,-1,5
1785,OTHER,T36,57,4,10,41,-1,-1,SELLER,00T36@0,0,57,-1,-1,0
1943,T37,T22,57,5,56,-1,-1,47,06T37@3,09T22@4,17,-1,-1,-1,4
1793,T37,OTHER,57,3,49,41,-1,-1,08T37@4,BUYER,0,57,-1,-1,5
1781,OTHER,T36,57,3,10,41,-1,-1,SELLER,00T36@0,0,57,-1,-1,0
1946,T37,T37,57,5,56,-1,-1,47,06T37@3,08T37@4,17,-1,-1,-1,4
2029,T37,T22,57,3,55,52,-1,52,06T37@3,09T22@4,17,57,-1,-1,4
2050,T36,T36,57,17,22,53,-1,53,00T36@0,03T36@1,17,57,-1,-1,1
2035,T36,T37,57,17,22,52,-1,52,00T36@0,02T37@1,17,57,-1,-1,1
2040,T36,T37,57,24,45,52,-1,52,04T36@2,06T37@3,17,57,-1,-1,3
1782,OTHER,T36,57,2,10,41,-1,-1,SELLER,00T36@0,0,57,-1,-1,0
1780,OTHER,T36,57,3,10,41,-1,-1,SELLER,00T36@0,0,57,-1,-1,0
1975,T37,T37,58,1,56,49,-1,49,06T37@3,08T37@4,17,58,-1,-1,4
1805,OTHER,T36,58,1,10,42,-1,-1,SELLER,00T36@0,0,58,-1,-1,0
1804,OTHER,T36,58,4,10,42,-1,-1,SELLER,00T36@0,0,58,-1,-1,0
2098,T37,T36,58,5,11,-1,-1,58,02T37@1,04T36@2,17,-1,-1,-1,2
1953,T36,T36,58,34,32,48,-1,48,03T36@1,04T36@2,17,58,-1,-1,2
2058,T36,T37,58,5,15,54,-1,54,04T36@2,06T37@3,17,58,-1,-1,3
2100,T36,T36,58,5,11,-1,-1,58,03T36@1,04T36@2,17,-1,-1,-1,2
1958,T37,T22,58,1,56,48,-1,48,06T37@3,09T22@4,17,58,-1,-1,4
2066,T37,T36,58,5,12,55,-1,55,02T37@1,04T36@2,17,58,-1,-1,2
2006,T36,T36,58,54,22,-1,-1,50,03T36@1,04T36@2,2,-1,-1,-1,2
1803,OTHER,T36,58,1,10,42,-1,-1,SELLER,00T36@0,0,58,-1,-1,0
1806,T37,OTHER,58,1,49,42,-1,-1,08T37@4,BUYER,0,58,-1,-1,5
1807,T22,OTHER,58,1,49,42,-1,-1,09T22@4,BUYER,0,58,-1,-1,5
1808,OTHER,T36,58,3,10,42,-1,-1,SELLER,00T36@0,0,58,-1,-1,0
1818,T22,OTHER,58,2,49,-1,-1,-1,09T22@4,BUYER,0,-1,-1,-1,5
2053,T36,T36,58,17,22,-1,-1,53,00T36@0,03T36@1,17,-1,-1,-1,1
1977,T36,T36,58,34,32,49,-1,49,03T36@1,04T36@2,17,58,-1,-1,2
1816,T37,OTHER,58,1,49,-1,-1,-1,08T37@4,BUYER,0,-1,-1,-1,5
1819,T22,OTHER,58,2,49,-1,-1,-1,09T22@4,BUYER,0,-1,-1,-1,5
1820,T37,OTHER,58,2,49,-1,-1,-1,08T37@4,BUYER,0,-1,-1,-1,5
1817,T22,OTHER,58,2,49,-1,-1,-1,09T22@4,BUYER,0,-1,-1,-1,5
1821,T22,OTHER,58,3,49,-1,-1,-1,09T22@4,BUYER,0,-1,-1,-1,5
1813,OTHER,T36,58,1,10,42,-1,-1,SELLER,00T36@0,0,58,-1,-1,0
2055,T37,T37,58,23,54,-1,-1,53,06T37@3,08T37@4,17,-1,-1,-1,4
1812,OTHER,T36,58,2,10,42,-1,-1,SELLER,00T36@0,0,58,-1,-1,0
1822,T37,OTHER,58,3,49,-1,-1,-1,08T37@4,BUYER,0,-1,-1,-1,5
1810,T37,OTHER,58,2,49,42,-1,-1,08T37@4,BUYER,0,58,-1,-1,5
1809,T37,OTHER,58,1,49,42,-1,-1,08T37@4,BUYER,0,58,-1,-1,5
2048,T36,T37,58,17,22,53,-1,53,00T36@0,02T37@1,17,58,-1,-1,1
1949,T36,T37,58,11,20,48,-1,48,00T36@0,02T37@1,17,58,-1,-1,1
2064,T36,T37,59,17,22,-1,-1,54,00T36@0,02T37@1,17,-1,-1,-1,1
2072,T37,T37,59,2,55,55,-1,55,06T37@3,08T37@4,17,59,-1,-1,4
2076,T36,T36,59,5,12,56,-1,56,03T36@1,04T36@2,17,59,-1,-1,2
1840,T37,OTHER,59,4,49,-1,-1,-1,08T37@4,BUYER,0,-1,-1,-1,5
2061,T37,T36,59,33,34,54,-1,54,02T37@1,04T36@2,16,59,-1,-1,2
1823,T22,OTHER,59,3,49,43,-1,-1,09T22@4,BUYER,0,59,-1,-1,5
1825,T37,OTHER,59,2,49,43,-1,-1,08T37@4,BUYER,0,59,-1,-1,5
1826,T37,OTHER,59,1,49,43,-1,-1,08T37@4,BUYER,0,59,-1,-1,5
1828,T22,OTHER,59,2,49,43,-1,-1,09T22@4,BUYER,0,59,-1,-1,5
1832,OTHER,T36,59,2,10,43,-1,-1,SELLER,00T36@0,0,59,-1,-1,0
1833,T37,OTHER,59,1,49,43,-1,-1,08T37@4,BUYER,0,59,-1,-1,5
1834,OTHER,T36,59,3,10,43,-1,-1,SELLER,00T36@0,0,59,-1,-1,0
2063,T36,T36,59,1,33,54,-1,54,03T36@1,04T36@2,17,59,-1,-1,2
1836,T22,OTHER,59,3,49,43,-1,-1,09T22@4,BUYER,0,59,-1,-1,5
1839,T22,OTHER,59,2,49,43,-1,-1,09T22@4,BUYER,0,59,-1,-1,5
1841,T37,OTHER,59,2,49,-1,-1,-1,08T37@4,BUYER,0,-1,-1,-1,5
2005,T37,T37,59,1,56,-1,-1,50,06T37@3,08T37@4,17,-1,-1,-1,4
2043,T36,T36,59,12,20,-1,-1,52,00T36@0,03T36@1,17,-1,-1,-1,1
1969,T37,T22,59,1,56,49,-1,49,06T37@3,09T22@4,17,59,-1,-1,4
2059,T36,T36,59,17,22,54,-1,54,00T36@0,03T36@1,17,59,-1,-1,1
2060,T37,T37,59,2,55,54,-1,54,06T37@3,08T37@4,17,59,-1,-1,4
1838,OTHER,T36,59,1,10,43,-1,-1,SELLER,00T36@0,0,59,-1,-1,0
2068,T36,T37,59,5,15,55,-1,55,04T36@2,06T37@3,17,59,-1,-1,3
2067,T36,T36,60,22,32,55,-1,55,03T36@1,04T36@2,17,60,-1,-1,2
2012,T36,T36,60,14,20,51,-1,51,00T36@0,03T36@1,17,60,-1,-1,1
2099,T36,T37,60,11,22,-1,-1,58,00T36@0,02T37@1,17,-1,-1,-1,1
1860,T37,OTHER,60,1,49,44,-1,-1,08T37@4,BUYER,0,60,-1,-1,5
1858,T37,OTHER,60,2,49,44,-1,-1,08T37@4,BUYER,0,60,-1,-1,5
1857,T37,OTHER,60,3,49,44,-1,-1,08T37@4,BUYER,0,60,-1,-1,5
1856,T22,OTHER,60,1,49,44,-1,-1,09T22@4,BUYER,0,60,-1,-1,5
1855,T37,OTHER,60,1,49,44,-1,-1,08T37@4,BUYER,0,60,-1,-1,5
1854,OTHER,T36,60,1,10,44,-1,-1,SELLER,00T36@0,0,60,-1,-1,0
1853,OTHER,T36,60,2,10,44,-1,-1,SELLER,00T36@0,0,60,-1,-1,0
1852,OTHER,T36,60,4,10,44,-1,-1,SELLER,00T36@0,0,60,-1,-1,0
1851,T37,OTHER,60,2,49,44,-1,-1,08T37@4,BUYER,0,60,-1,-1,5
1849,T22,OTHER,60,1,49,44,-1,-1,09T22@4,BUYER,0,60,-1,-1,5
2070,T37,T22,60,3,55,55,-1,55,06T37@3,09T22@4,17,60,-1,-1,4
1863,T22,OTHER,60,2,49,44,-1,-1,09T22@4,BUYER,0,60,-1,-1,5
2095,T36,T37,60,5,8,58,-1,58,00T36@0,02T37@1,17,60,-1,-1,1
2096,T37,T36,60,5,22,58,-1,58,02T37@1,04T36@2,2,60,-1,-1,2
2091,T36,T36,60,5,12,57,-1,57,03T36@1,04T36@2,17,60,-1,-1,2
1848,OTHER,T36,60,1,10,44,-1,-1,SELLER,00T36@0,0,60,-1,-1,0
2089,T37,T22,60,9,37,-1,-1,56,06T37@3,09T22@4,2,-1,-1,-1,4
1846,OTHER,T36,60,1,10,44,-1,-1,SELLER,00T36@0,0,60,-1,-1,0
1845,T37,OTHER,60,1,49,44,-1,-1,08T37@4,BUYER,0,60,-1,-1,5
1844,T22,OTHER,60,1,49,44,-1,-1,09T22@4,BUYER,0,60,-1,-1,5
2080,T36,T36,60,22,32,56,-1,56,03T36@1,04T36@2,17,60,-1,-1,2
2079,T37,T37,60,9,37,56,-1,56,06T37@3,08T37@4,2,60,-1,-1,4
2078,T37,T22,60,9,37,56,-1,56,06T37@3,09T22@4,2,60,-1,-1,4
1843,T22,OTHER,60,4,49,44,-1,-1,09T22@4,BUYER,0,60,-1,-1,5
1842,T37,OTHER,60,1,49,44,-1,-1,08T37@4,BUYER,0,60,-1,-1,5
2075,T36,T37,60,11,22,56,-1,56,00T36@0,02T37@1,17,60,-1,-1,1
2094,T37,T22,60,5,18,58,-1,58,06T37@3,09T22@4,17,60,-1,-1,4
1864,OTHER,T36,60,2,10,44,-1,-1,SELLER,00T36@0,0,60,-1,-1,0
1870,T37,OTHER,61,2,49,45,-1,-1,08T37@4,BUYER,0,61,-1,-1,5
1869,T22,OTHER,61,1,49,45,-1,-1,09T22@4,BUYER,0,61,-1,-1,5
2073,T36,T37,61,39,48,-1,-1,55,04T36@2,06T37@3,17,-1,-1,-1,3
1871,OTHER,T36,61,1,10,45,-1,-1,SELLER,00T36@0,0,61,-1,-1,0
2026,T37,T37,61,2,56,-1,-1,51,06T37@3,08T37@4,17,-1,-1,-1,4
2027,T37,T37,61,38,37,-1,-1,51,06T37@3,08T37@4,2,-1,-1,-1,4
1872,OTHER,T36,61,2,10,45,-1,-1,SELLER,00T36@0,0,61,-1,-1,0
1877,OTHER,T36,61,3,10,45,-1,-1,SELLER,00T36@0,0,61,-1,-1,0
1893,OTHER,T36,61,3,10,45,-1,-1,SELLER,00T36@0,0,61,-1,-1,0
2065,T36,T37,61,60,47,-1,-1,54,04T36@2,06T37@3,17,-1,-1,-1,3
2077,T36,T36,61,16,22,56,-1,56,00T36@0,03T36@1,17,61,-1,-1,1
2083,T36,T36,61,18,32,-1,-1,56,03T36@1,04T36@2,17,-1,-1,-1,2
2084,T37,T36,61,1,33,-1,-1,56,02T37@1,04T36@2,17,-1,-1,-1,2
2087,T36,T37,61,24,45,-1,-1,56,04T36@2,06T37@3,17,-1,-1,-1,3
2090,T37,T36,61,5,22,57,-1,57,02T37@1,04T36@2,2,61,-1,-1,2
2097,T37,T37,61,5,37,58,-1,58,06T37@3,08T37@4,5,61,-1,-1,4
2101,T36,T37,61,5,7,59,-1,59,00T36@0,02T37@1,17,61,-1,-1,1
1895,T37,OTHER,61,1,49,45,-1,-1,08T37@4,BUYER,0,61,-1,-1,5
1894,T37,OTHER,61,2,49,45,-1,-1,08T37@4,BUYER,0,61,-1,-1,5
2019,T36,T37,61,4,47,51,-1,51,04T36@2,06T37@3,17,61,-1,-1,3
1873,T37,OTHER,61,1,49,45,-1,-1,08T37@4,BUYER,0,61,-1,-1,5
1889,T22,OTHER,61,1,49,45,-1,-1,09T22@4,BUYER,0,61,-1,-1,5
1888,OTHER,T36,61,1,10,45,-1,-1,SELLER,00T36@0,0,61,-1,-1,0
1885,OTHER,T36,61,2,10,45,-1,-1,SELLER,00T36@0,0,61,-1,-1,0
1884,T37,OTHER,61,1,49,45,-1,-1,08T37@4,BUYER,0,61,-1,-1,5
1883,T37,OTHER,61,3,49,45,-1,-1,08T37@4,BUYER,0,61,-1,-1,5
1880,T22,OTHER,61,1,49,45,-1,-1,09T22@4,BUYER,0,61,-1,-1,5
1879,T22,OTHER,61,2,49,45,-1,-1,09T22@4,BUYER,0,61,-1,-1,5
1874,T37,OTHER,61,2,49,45,-1,-1,08T37@4,BUYER,0,61,-1,-1,5
1892,T22,OTHER,61,3,49,45,-1,-1,09T22@4,BUYER,0,61,-1,-1,5
2103,T36,T36,62,5,22,59,-1,59,03T36@1,04T36@2,6,62,-1,-1,2
2102,T37,T36,62,5,12,59,-1,59,02T37@1,04T36@2,17,62,-1,-1,2
2049,T36,T37,62,17,20,53,-1,53,00T36@0,02T37@1,17,62,-1,-1,1
2044,T37,T37,62,3,56,-1,-1,52,06T37@3,08T37@4,17,-1,-1,-1,4
2045,T37,T37,62,55,37,-1,-1,52,06T37@3,08T37@4,2,-1,-1,-1,4
2047,T37,T22,62,55,37,-1,-1,52,06T37@3,09T22@4,2,-1,-1,-1,4
1920,T37,OTHER,62,1,49,-1,-1,-1,08T37@4,BUYER,0,-1,-1,-1,5
1910,OTHER,T36,62,1,10,46,-1,-1,SELLER,00T36@0,0,62,-1,-1,0
1902,OTHER,T36,62,4,10,46,-1,-1,SELLER,00T36@0,0,62,-1,-1,0
1903,OTHER,T36,62,2,10,46,-1,-1,SELLER,00T36@0,0,62,-1,-1,0
1904,T37,OTHER,62,3,49,46,-1,-1,08T37@4,BUYER,0,62,-1,-1,5
1905,T22,OTHER,62,2,49,46,-1,-1,09T22@4,BUYER,0,62,-1,-1,5
1906,T37,OTHER,62,2,49,46,-1,-1,08T37@4,BUYER,0,62,-1,-1,5
1908,T37,OTHER,62,2,49,46,-1,-1,08T37@4,BUYER,0,62,-1,-1,5
1909,T22,OTHER,62,1,49,46,-1,-1,09T22@4,BUYER,0,62,-1,-1,5
1922,T37,OTHER,62,2,49,-1,-1,-1,08T37@4,BUYER,0,-1,-1,-1,5
1911,T22,OTHER,62,4,49,46,-1,-1,09T22@4,BUYER,0,62,-1,-1,5
1912,OTHER,T36,62,2,10,46,-1,-1,SELLER,00T36@0,0,62,-1,-1,0
1921,T37,OTHER,62,2,49,-1,-1,-1,08T37@4,BUYER,0,-1,-1,-1,5
1913,OTHER,T36,62,2,10,46,-1,-1,SELLER,00T36@0,0,62,-1,-1,0
1914,T22,OTHER,62,1,49,46,-1,-1,09T22@4,BUYER,0,62,-1,-1,5
1930,OTHER,T36,63,2,10,47,-1,-1,SELLER,00T36@0,0,63,-1,-1,0
1938,T22,OTHER,63,3,49,47,-1,-1,09T22@4,BUYER,0,63,-1,-1,5
1936,T22,OTHER,63,4,49,47,-1,-1,09T22@4,BUYER,0,63,-1,-1,5
1940,T22,OTHER,63,2,49,47,-1,-1,09T22@4,BUYER,0,63,-1,-1,5
1947,T37,OTHER,63,2,49,-1,-1,-1,08T37@4,BUYER,0,-1,-1,-1,5
1944,T37,OTHER,63,2,49,-1,-1,-1,08T37@4,BUYER,0,-1,-1,-1,5
1945,T37,OTHER,63,2,49,-1,-1,-1,08T37@4,BUYER,0,-1,-1,-1,5
1935,T22,OTHER,63,1,49,47,-1,-1,09T22@4,BUYER,0,63,-1,-1,5
2051,T36,T37,63,4,47,-1,-1,53,04T36@2,06T37@3,17,-1,-1,-1,3
1933,T37,OTHER,63,1,49,47,-1,-1,08T37@4,BUYER,0,63,-1,-1,5
1926,OTHER,T36,63,2,10,47,-1,-1,SELLER,00T36@0,0,63,-1,-1,0
2057,T37,T22,63,23,57,-1,-1,53,06T37@3,09T22@4,17,-1,-1,-1,4
1929,T22,OTHER,63,2,49,47,-1,-1,09T22@4,BUYER,0,63,-1,-1,5
1928,OTHER,T36,63,2,10,47,-1,-1,SELLER,00T36@0,0,63,-1,-1,0
1927,OTHER,T36,63,1,10,47,-1,-1,SELLER,00T36@0,0,63,-1,-1,0
1925,OTHER,T36,63,3,10,47,-1,-1,SELLER,00T36@0,0,63,-1,-1,0
1924,OTHER,T36,63,2,10,47,-1,-1,SELLER,00T36@0,0,63,-1,-1,0
1932,T37,OTHER,63,1,49,47,-1,-1,08T37@4,BUYER,0,63,-1,-1,5
1959,T22,OTHER,64,5,49,48,-1,-1,09T22@4,BUYER,0,64,-1,-1,5
1956,T22,OTHER,64,2,49,48,-1,-1,09T22@4,BUYER,0,64,-1,-1,5
2062,T37,T22,64,2,56,54,-1,54,06T37@3,09T22@4,17,64,-1,-1,4
1960,T22,OTHER,64,2,49,48,-1,-1,09T22@4,BUYER,0,64,-1,-1,5
1955,T22,OTHER,64,1,49,48,-1,-1,09T22@4,BUYER,0,64,-1,-1,5
1961,T37,OTHER,64,4,49,-1,-1,-1,08T37@4,BUYER,0,-1,-1,-1,5
1948,T22,OTHER,64,2,49,48,-1,-1,09T22@4,BUYER,0,64,-1,-1,5
2071,T37,T22,64,2,56,55,-1,55,06T37@3,09T22@4,17,64,-1,-1,4
1952,T22,OTHER,64,1,49,48,-1,-1,09T22@4,BUYER,0,64,-1,-1,5
1964,T37,OTHER,64,3,49,-1,-1,-1,08T37@4,BUYER,0,-1,-1,-1,5
2069,T37,T37,65,3,56,55,-1,55,06T37@3,08T37@4,17,65,-1,-1,4
2074,T36,T36,65,11,20,-1,-1,55,00T36@0,03T36@1,17,-1,-1,-1,1
2093,T36,T36,65,11,20,-1,-1,57,00T36@0,03T36@1,17,-1,-1,-1,1
2105,T37,T37,65,10,37,-1,-1,65,06T37@3,08T37@4,2,-1,-1,-1,4
1985,T37,OTHER,65,2,49,-1,-1,-1,08T37@4,BUYER,0,-1,-1,-1,5
2104,T37,T22,65,10,37,61,-1,61,06T37@3,09T22@4,2,65,-1,-1,4
1988,T37,OTHER,65,2,49,-1,-1,-1,08T37@4,BUYER,0,-1,-1,-1,5
1986,T37,OTHER,65,1,49,-1,-1,-1,08T37@4,BUYER,0,-1,-1,-1,5
1984,T37,OTHER,65,2,49,-1,-1,-1,08T37@4,BUYER,0,-1,-1,-1,5
1983,T37,OTHER,65,2,49,-1,-1,-1,08T37@4,BUYER,0,-1,-1,-1,5
1967,T22,OTHER,65,1,49,49,-1,-1,09T22@4,BUYER,0,65,-1,-1,5
1979,T22,OTHER,65,1,49,49,-1,-1,09T22@4,BUYER,0,65,-1,-1,5
1978,T22,OTHER,65,4,49,49,-1,-1,09T22@4,BUYER,0,65,-1,-1,5
1976,T22,OTHER,65,1,49,49,-1,-1,09T22@4,BUYER,0,65,-1,-1,5
1973,T22,OTHER,65,2,49,49,-1,-1,09T22@4,BUYER,0,65,-1,-1,5
1972,T22,OTHER,65,1,49,49,-1,-1,09T22@4,BUYER,0,65,-1,-1,5
1982,T22,OTHER,65,1,49,49,-1,-1,09T22@4,BUYER,0,65,-1,-1,5
2003,T22,OTHER,66,1,49,50,-1,-1,09T22@4,BUYER,0,66,-1,-1,5
2007,T37,OTHER,66,1,49,-1,-1,-1,08T37@4,BUYER,0,-1,-1,-1,5
2002,T22,OTHER,66,3,49,50,-1,-1,09T22@4,BUYER,0,66,-1,-1,5
2000,T22,OTHER,66,2,49,50,-1,-1,09T22@4,BUYER,0,66,-1,-1,5
1999,T37,OTHER,66,1,49,50,-1,-1,08T37@4,BUYER,0,66,-1,-1,5
2086,T37,T22,66,3,56,-1,-1,56,06T37@3,09T22@4,17,-1,-1,-1,4
2085,T36,T37,66,16,20,-1,-1,56,00T36@0,02T37@1,17,-1,-1,-1,1
1998,T37,OTHER,66,2,49,50,-1,-1,08T37@4,BUYER,0,66,-1,-1,5
2081,T37,T37,66,3,56,-1,-1,56,06T37@3,08T37@4,17,-1,-1,-1,4
1994,T22,OTHER,66,1,49,50,-1,-1,09T22@4,BUYER,0,66,-1,-1,5
1997,T37,OTHER,66,2,49,50,-1,-1,08T37@4,BUYER,0,66,-1,-1,5
1996,T37,OTHER,66,3,49,50,-1,-1,08T37@4,BUYER,0,66,-1,-1,5
1991,T22,OTHER,66,2,49,50,-1,-1,09T22@4,BUYER,0,66,-1,-1,5
2009,T37,OTHER,66,2,49,-1,-1,-1,08T37@4,BUYER,0,-1,-1,-1,5
2092,T37,T22,66,62,37,-1,-1,57,06T37@3,09T22@4,2,-1,-1,-1,4
2018,T22,OTHER,67,2,49,51,-1,-1,09T22@4,BUYER,0,67,-1,-1,5
2021,T22,OTHER,67,1,49,51,-1,-1,09T22@4,BUYER,0,67,-1,-1,5
2022,T22,OTHER,67,2,49,51,-1,-1,09T22@4,BUYER,0,67,-1,-1,5
2016,T22,OTHER,67,2,49,51,-1,-1,09T22@4,BUYER,0,67,-1,-1,5
2015,T22,OTHER,67,3,49,51,-1,-1,09T22@4,BUYER,0,67,-1,-1,5
2014,T37,OTHER,67,2,49,51,-1,-1,08T37@4,BUYER,0,67,-1,-1,5
2013,T37,OTHER,67,2,49,51,-1,-1,08T37@4,BUYER,0,67,-1,-1,5
2011,T37,OTHER,67,2,49,51,-1,-1,08T37@4,BUYER,0,67,-1,-1,5
2024,T22,OTHER,67,1,49,51,-1,-1,09T22@4,BUYER,0,67,-1,-1,5
2023,T37,OTHER,67,1,49,51,-1,-1,08T37@4,BUYER,0,67,-1,-1,5
2010,T37,OTHER,67,2,49,51,-1,-1,08T37@4,BUYER,0,67,-1,-1,5
2030,T22,OTHER,68,3,49,52,-1,-1,09T22@4,BUYER,0,68,-1,-1,5
2031,T37,OTHER,68,1,49,52,-1,-1,08T37@4,BUYER,0,68,-1,-1,5
2032,T22,OTHER,68,2,49,52,-1,-1,09T22@4,BUYER,0,68,-1,-1,5
2033,T37,OTHER,68,3,49,52,-1,-1,08T37@4,BUYER,0,68,-1,-1,5
2036,T37,OTHER,68,3,49,52,-1,-1,08T37@4,BUYER,0,68,-1,-1,5
2038,T37,OTHER,68,1,49,52,-1,-1,08T37@4,BUYER,0,68,-1,-1,5
2039,T37,OTHER,68,2,49,52,-1,-1,08T37@4,BUYER,0,68,-1,-1,5
2042,T37,OTHER,68,3,49,52,-1,-1,08T37@4,BUYER,0,68,-1,-1,5
2046,T22,OTHER,68,2,49,-1,-1,-1,09T22@4,BUYER,0,-1,-1,-1,5
