index,seller_type,buyer_type,delivery_time,quantity,unit_price,signed_at,nullified_at,concluded_at,seller,buyer,n_neg_steps,executed_at,erred_at,dropped_at,product
86,OTHER,T23,0,2,10,0,-1,-1,SELLER,00T23@0,0,0,-1,-1,0
77,OTHER,T23,0,1,10,0,-1,-1,SELLER,00T23@0,0,0,-1,-1,0
409,OTHER,T23,0,4,10,0,-1,-1,SELLER,00T23@0,0,0,-1,-1,0
219,OTHER,T35,0,5,10,0,-1,-1,SELLER,01T35@0,0,0,-1,-1,0
443,OTHER,T23,0,1,10,0,-1,-1,SELLER,00T23@0,0,0,-1,-1,0
193,OTHER,T35,0,2,10,0,-1,-1,SELLER,01T35@0,0,0,-1,-1,0
446,OTHER,T35,0,1,10,0,-1,-1,SELLER,01T35@0,0,0,-1,-1,0
21,OTHER,T23,0,3,10,0,-1,-1,SELLER,00T23@0,0,0,-1,-1,0
525,OTHER,T23,0,1,10,0,-1,-1,SELLER,00T23@0,0,0,-1,-1,0
599,T35,T23,1,6,29,1,-1,1,05T35@2,07T23@3,13,1,-1,-1,3
196,OTHER,T35,1,4,10,0,-1,-1,SELLER,01T35@0,0,1,-1,-1,0
609,T35,T35,1,3,16,1,-1,1,05T35@2,06T35@3,17,1,-1,-1,3
205,OTHER,T23,1,2,10,0,-1,-1,SELLER,00T23@0,0,1,-1,-1,0
622,T35,T22,1,1,8,1,-1,1,01T35@0,03T22@1,17,1,-1,-1,1
631,T35,T35,1,4,16,1,-1,1,05T35@2,06T35@3,17,1,-1,-1,3
633,T35,T23,1,8,25,1,-1,1,05T35@2,07T23@3,14,1,-1,-1,3
648,T23,T22,1,2,1,1,-1,1,00T23@0,03T22@1,8,1,-1,-1,1
660,T35,T23,1,3,31,1,-1,1,05T35@2,07T23@3,16,1,-1,-1,3
666,T35,T23,1,13,27,-1,-1,1,05T35@2,07T23@3,13,-1,-1,-1,3
76,OTHER,T23,1,5,10,0,-1,-1,SELLER,00T23@0,0,1,-1,-1,0
80,OTHER,T23,1,3,10,0,-1,-1,SELLER,00T23@0,0,1,-1,-1,0
626,T35,T35,1,6,16,1,-1,1,05T35@2,06T35@3,17,1,-1,-1,3
597,T35,T23,1,4,29,1,-1,1,05T35@2,07T23@3,12,1,-1,-1,3
134,OTHER,T35,1,1,10,0,-1,-1,SELLER,01T35@0,0,1,-1,-1,0
591,T35,T35,1,5,16,1,-1,1,05T35@2,06T35@3,17,1,-1,-1,3
596,T35,T35,1,5,16,1,-1,1,05T35@2,06T35@3,17,1,-1,-1,3
582,T35,T23,1,9,28,1,-1,1,05T35@2,07T23@3,13,1,-1,-1,3
543,OTHER,T35,1,4,10,0,-1,-1,SELLER,01T35@0,0,1,-1,-1,0
586,T23,T22,1,4,1,1,-1,1,00T23@0,03T22@1,9,1,-1,-1,1
588,T35,T35,1,4,16,1,-1,1,05T35@2,06T35@3,17,1,-1,-1,3
571,T35,T35,1,3,16,1,-1,1,05T35@2,06T35@3,17,1,-1,-1,3
150,OTHER,T35,1,1,10,0,-1,-1,SELLER,01T35@0,0,1,-1,-1,0
577,T35,T35,1,4,16,1,-1,1,05T35@2,06T35@3,17,1,-1,-1,3
590,T35,T35,1,4,16,1,-1,1,05T35@2,06T35@3,17,1,-1,-1,3
664,T35,T35,2,3,16,1,-1,1,05T35@2,06T35@3,17,2,-1,-1,3
379,OTHER,T23,2,2,10,0,-1,-1,SELLER,00T23@0,0,2,-1,-1,0
680,T35,T35,2,5,16,2,-1,2,05T35@2,06T35@3,17,2,-1,-1,3
684,T23,T22,2,2,2,2,-1,2,00T23@0,03T22@1,11,2,-1,-1,1
689,T35,T22,2,1,8,2,-1,2,01T35@0,03T22@1,17,2,-1,-1,1
657,T35,T35,2,11,18,1,-1,1,05T35@2,06T35@3,17,2,-1,-1,3
723,T20,T35,2,11,12,2,-1,2,02T20@1,05T35@2,18,2,-1,-1,2
574,T35,T22,2,1,8,1,-1,1,01T35@0,03T22@1,17,2,-1,-1,1
695,T20,T35,2,10,12,2,-1,2,02T20@1,05T35@2,17,2,-1,-1,2
142,OTHER,T23,2,2,10,0,-1,-1,SELLER,00T23@0,0,2,-1,-1,0
4,OTHER,T35,2,1,10,0,-1,-1,SELLER,01T35@0,0,2,-1,-1,0
278,OTHER,T35,2,4,10,0,-1,-1,SELLER,01T35@0,0,2,-1,-1,0
113,OTHER,T23,2,4,10,0,-1,-1,SELLER,00T23@0,0,2,-1,-1,0
514,OTHER,T23,2,3,10,0,-1,-1,SELLER,00T23@0,0,2,-1,-1,0
499,OTHER,T35,2,2,10,0,-1,-1,SELLER,01T35@0,0,2,-1,-1,0
204,OTHER,T35,2,2,10,0,-1,-1,SELLER,01T35@0,0,2,-1,-1,0
613,T35,T23,2,2,29,1,-1,1,05T35@2,07T23@3,12,2,-1,-1,3
620,T22,T35,2,1,36,1,-1,1,03T22@1,05T35@2,17,2,-1,-1,2
623,T23,T22,2,4,1,1,-1,1,00T23@0,03T22@1,8,2,-1,-1,1
608,T23,T22,2,4,1,1,-1,1,00T23@0,03T22@1,10,2,-1,-1,1
753,T35,T22,3,2,8,3,-1,3,01T35@0,03T22@1,17,3,-1,-1,1
747,T23,T22,3,3,1,3,-1,3,00T23@0,03T22@1,9,3,-1,-1,1
31,OTHER,T23,3,1,10,0,-1,-1,SELLER,00T23@0,0,3,-1,-1,0
735,T35,T22,3,2,8,3,-1,3,01T35@0,03T22@1,17,3,-1,-1,1
202,OTHER,T35,3,2,10,0,-1,-1,SELLER,01T35@0,0,3,-1,-1,0
3,OTHER,T23,3,1,10,0,-1,-1,SELLER,00T23@0,0,3,-1,-1,0
552,OTHER,T23,3,1,10,0,-1,-1,SELLER,00T23@0,0,3,-1,-1,0
603,T35,T35,3,4,17,1,-1,1,05T35@2,06T35@3,17,3,-1,-1,3
719,T20,T35,3,4,12,2,-1,2,02T20@1,05T35@2,18,3,-1,-1,2
555,OTHER,T23,3,3,10,0,-1,-1,SELLER,00T23@0,0,3,-1,-1,0
713,T35,T20,3,15,3,2,-1,2,01T35@0,02T20@1,17,3,-1,-1,1
674,T20,T35,3,19,14,2,-1,2,02T20@1,05T35@2,17,3,-1,-1,2
673,T35,T20,3,18,3,2,-1,2,01T35@0,02T20@1,17,3,-1,-1,1
419,OTHER,T35,3,4,10,0,-1,-1,SELLER,01T35@0,0,3,-1,-1,0
632,T35,T23,3,8,22,1,-1,1,05T35@2,07T23@3,16,3,-1,-1,3
112,OTHER,T23,3,1,10,0,-1,-1,SELLER,00T23@0,0,3,-1,-1,0
612,T35,T22,3,1,8,1,-1,1,01T35@0,03T22@1,17,3,-1,-1,1
437,OTHER,T35,3,2,10,0,-1,-1,SELLER,01T35@0,0,3,-1,-1,0
655,T23,T22,3,1,1,1,-1,1,00T23@0,03T22@1,10,3,-1,-1,1
277,OTHER,T23,3,5,10,0,-1,-1,SELLER,00T23@0,0,3,-1,-1,0
642,T22,T35,3,1,36,1,-1,1,03T22@1,05T35@2,17,3,-1,-1,2
783,T35,T22,4,1,8,4,-1,4,01T35@0,03T22@1,17,4,-1,-1,1
109,T35,OTHER,4,3,42,0,-1,-1,06T35@3,BUYER,0,4,-1,-1,4
770,T35,T35,4,5,16,4,-1,4,05T35@2,06T35@3,17,4,-1,-1,3
88,T35,OTHER,4,1,42,0,-1,-1,06T35@3,BUYER,0,4,-1,-1,4
126,T23,OTHER,4,2,42,0,-1,-1,07T23@3,BUYER,0,4,-1,-1,4
121,OTHER,T23,4,2,10,0,-1,-1,SELLER,00T23@0,0,4,-1,-1,0
746,T23,T20,4,4,0,3,-1,3,00T23@0,02T20@1,7,4,-1,-1,1
101,OTHER,T35,4,3,10,0,-1,-1,SELLER,01T35@0,0,4,-1,-1,0
283,T35,OTHER,4,2,42,0,-1,-1,06T35@3,BUYER,0,4,-1,-1,4
187,T23,OTHER,4,2,42,0,-1,-1,07T23@3,BUYER,0,4,-1,-1,4
280,T35,OTHER,4,3,42,0,-1,-1,06T35@3,BUYER,0,4,-1,-1,4
429,OTHER,T23,4,2,10,0,-1,-1,SELLER,00T23@0,0,4,-1,-1,0
601,T35,T23,4,4,32,1,-1,1,05T35@2,07T23@3,8,4,-1,-1,3
491,OTHER,T23,4,2,10,0,-1,-1,SELLER,00T23@0,0,4,-1,-1,0
618,T35,T23,4,8,28,1,-1,1,05T35@2,07T23@3,12,4,-1,-1,3
462,T23,OTHER,4,2,42,0,-1,-1,07T23@3,BUYER,0,4,-1,-1,4
453,OTHER,T23,4,3,10,0,-1,-1,SELLER,00T23@0,0,4,-1,-1,0
635,T35,T22,4,2,8,1,-1,1,01T35@0,03T22@1,17,4,-1,-1,1
434,OTHER,T35,4,2,10,0,-1,-1,SELLER,01T35@0,0,4,-1,-1,0
335,T23,OTHER,4,2,42,0,-1,-1,07T23@3,BUYER,0,4,-1,-1,4
425,OTHER,T23,4,2,10,0,-1,-1,SELLER,00T23@0,0,4,-1,-1,0
407,T35,OTHER,4,1,42,0,-1,-1,06T35@3,BUYER,0,4,-1,-1,4
661,T35,T23,4,9,24,1,-1,1,05T35@2,07T23@3,15,4,-1,-1,3
672,T35,T20,4,10,3,2,-1,2,01T35@0,02T20@1,17,4,-1,-1,1
69,OTHER,T35,4,4,10,0,-1,-1,SELLER,01T35@0,0,4,-1,-1,0
700,T35,T20,4,17,3,2,-1,2,01T35@0,02T20@1,17,4,-1,-1,1
360,T23,OTHER,4,2,42,0,-1,-1,07T23@3,BUYER,0,4,-1,-1,4
701,T35,T20,4,15,4,2,-1,2,01T35@0,02T20@1,17,4,-1,-1,1
320,OTHER,T23,5,4,10,0,-1,-1,SELLER,00T23@0,0,5,-1,-1,0
611,T35,T23,5,6,26,1,-1,1,05T35@2,07T23@3,16,5,-1,-1,3
484,T35,OTHER,5,3,42,0,-1,-1,06T35@3,BUYER,0,5,-1,-1,4
197,OTHER,T23,5,2,10,0,-1,-1,SELLER,00T23@0,0,5,-1,-1,0
136,T23,OTHER,5,3,42,0,-1,-1,07T23@3,BUYER,0,5,-1,-1,4
585,T35,T23,5,8,27,1,-1,1,05T35@2,07T23@3,15,5,-1,-1,3
521,OTHER,T35,5,3,10,0,-1,-1,SELLER,01T35@0,0,5,-1,-1,0
578,T35,T35,5,5,17,1,-1,1,05T35@2,06T35@3,17,5,-1,-1,3
172,T23,OTHER,5,3,42,0,-1,-1,07T23@3,BUYER,0,5,-1,-1,4
537,OTHER,T23,5,1,10,0,-1,-1,SELLER,00T23@0,0,5,-1,-1,0
149,T35,OTHER,5,2,42,0,-1,-1,06T35@3,BUYER,0,5,-1,-1,4
576,T35,T23,5,9,30,1,-1,1,05T35@2,07T23@3,10,5,-1,-1,3
823,T35,T35,5,5,16,5,-1,5,05T35@2,06T35@3,17,5,-1,-1,3
332,OTHER,T23,5,1,10,0,-1,-1,SELLER,00T23@0,0,5,-1,-1,0
820,T35,T23,5,4,27,5,-1,5,05T35@2,07T23@3,13,5,-1,-1,3
258,OTHER,T35,5,4,10,0,-1,-1,SELLER,01T35@0,0,5,-1,-1,0
718,T35,T20,5,16,3,2,-1,2,01T35@0,02T20@1,16,5,-1,-1,1
693,T35,T20,5,14,3,2,-1,2,01T35@0,02T20@1,17,5,-1,-1,1
782,T20,T35,5,4,12,4,-1,4,02T20@1,05T35@2,17,5,-1,-1,2
677,T35,T23,5,8,28,2,-1,2,05T35@2,07T23@3,13,5,-1,-1,3
266,T23,OTHER,5,2,42,0,-1,-1,07T23@3,BUYER,0,5,-1,-1,4
771,T20,T35,5,9,12,4,-1,4,02T20@1,05T35@2,18,5,-1,-1,2
737,T23,T20,5,17,1,3,-1,3,00T23@0,02T20@1,14,5,-1,-1,1
763,T35,T23,5,4,32,4,-1,4,05T35@2,07T23@3,12,5,-1,-1,3
760,T23,T20,5,4,0,4,-1,4,00T23@0,02T20@1,9,5,-1,-1,1
290,OTHER,T35,5,1,10,0,-1,-1,SELLER,01T35@0,0,5,-1,-1,0
377,T23,OTHER,5,2,42,0,-1,-1,07T23@3,BUYER,0,5,-1,-1,4
399,T35,OTHER,5,2,42,0,-1,-1,06T35@3,BUYER,0,5,-1,-1,4
395,T23,OTHER,5,1,42,0,-1,-1,07T23@3,BUYER,0,5,-1,-1,4
803,T20,T35,5,10,12,5,-1,5,02T20@1,05T35@2,17,5,-1,-1,2
706,T35,T20,5,3,3,2,-1,2,01T35@0,02T20@1,17,5,-1,-1,1
625,T35,T22,5,2,8,1,-1,1,01T35@0,03T22@1,17,5,-1,-1,1
561,OTHER,T35,5,2,10,0,-1,-1,SELLER,01T35@0,0,5,-1,-1,0
47,OTHER,T35,5,2,10,0,-1,-1,SELLER,01T35@0,0,5,-1,-1,0
67,T35,OTHER,5,1,42,0,-1,-1,06T35@3,BUYER,0,5,-1,-1,4
33,T35,OTHER,5,1,42,0,-1,-1,06T35@3,BUYER,0,5,-1,-1,4
671,T35,T20,6,44,3,2,-1,2,01T35@0,02T20@1,15,6,-1,-1,1
366,OTHER,T35,6,3,10,0,-1,-1,SELLER,01T35@0,0,6,-1,-1,0
357,OTHER,T23,6,7,10,0,-1,-1,SELLER,00T23@0,0,6,-1,-1,0
181,T23,OTHER,6,1,42,0,-1,-1,07T23@3,BUYER,0,6,-1,-1,4
699,T23,T22,6,3,3,2,-1,2,00T23@0,03T22@1,13,6,-1,-1,1
342,OTHER,T35,6,1,10,0,-1,-1,SELLER,01T35@0,0,6,-1,-1,0
707,T35,T22,6,2,8,2,-1,2,01T35@0,03T22@1,17,6,-1,-1,1
721,T20,T35,6,7,12,2,-1,2,02T20@1,05T35@2,17,6,-1,-1,2
191,OTHER,T23,6,3,10,0,-1,-1,SELLER,00T23@0,0,6,-1,-1,0
727,T35,T23,6,8,30,3,-1,3,05T35@2,07T23@3,12,6,-1,-1,3
733,T20,T35,6,19,11,3,-1,3,02T20@1,05T35@2,17,6,-1,-1,2
302,OTHER,T35,6,1,10,0,-1,-1,SELLER,01T35@0,0,6,-1,-1,0
94,T35,OTHER,6,1,42,0,-1,-1,06T35@3,BUYER,0,6,-1,-1,4
119,T23,OTHER,6,3,42,0,-1,-1,07T23@3,BUYER,0,6,-1,-1,4
778,T23,T22,6,4,6,4,-1,4,00T23@0,03T22@1,16,6,-1,-1,1
856,T23,T22,6,2,2,6,-1,6,00T23@0,03T22@1,13,6,-1,-1,1
852,T35,T35,6,3,16,6,-1,6,05T35@2,06T35@3,17,6,-1,-1,3
792,T23,T22,6,5,1,4,-1,4,00T23@0,03T22@1,7,6,-1,-1,1
838,T23,T22,6,3,1,6,-1,6,00T23@0,03T22@1,9,6,-1,-1,1
833,T35,T22,6,1,8,6,-1,6,01T35@0,03T22@1,17,6,-1,-1,1
813,T23,T22,6,5,1,5,-1,5,00T23@0,03T22@1,10,6,-1,-1,1
816,T23,T20,6,15,0,5,-1,5,00T23@0,02T20@1,7,6,-1,-1,1
237,T23,OTHER,6,5,42,0,-1,-1,07T23@3,BUYER,0,6,-1,-1,4
828,T35,T22,6,2,8,6,-1,6,01T35@0,03T22@1,17,6,-1,-1,1
417,T23,OTHER,6,1,42,0,-1,-1,07T23@3,BUYER,0,6,-1,-1,4
639,T35,T23,6,2,29,1,-1,1,05T35@2,07T23@3,13,6,-1,-1,3
183,T35,OTHER,6,3,42,0,-1,-1,06T35@3,BUYER,0,6,-1,-1,4
148,T35,OTHER,6,3,42,0,-1,-1,06T35@3,BUYER,0,6,-1,-1,4
572,T35,T23,6,8,30,1,-1,1,05T35@2,07T23@3,10,6,-1,-1,3
8,OTHER,T35,6,4,10,0,-1,-1,SELLER,01T35@0,0,6,-1,-1,0
579,T22,T35,6,1,36,1,-1,1,03T22@1,05T35@2,17,6,-1,-1,2
146,T35,OTHER,6,3,42,0,-1,-1,06T35@3,BUYER,0,6,-1,-1,4
477,OTHER,T35,6,1,10,0,-1,-1,SELLER,01T35@0,0,6,-1,-1,0
604,T35,T23,6,6,29,1,-1,1,05T35@2,07T23@3,12,6,-1,-1,3
627,T22,T35,6,1,36,1,-1,1,03T22@1,05T35@2,17,6,-1,-1,2
741,T35,T35,7,5,17,3,-1,3,05T35@2,06T35@3,17,7,-1,-1,3
871,T20,T35,7,8,12,7,-1,7,02T20@1,05T35@2,18,7,-1,-1,2
636,T35,T35,7,6,17,1,-1,1,05T35@2,06T35@3,17,7,-1,-1,3
291,OTHER,T23,7,4,10,0,-1,-1,SELLER,00T23@0,0,7,-1,-1,0
289,T23,OTHER,7,1,42,0,-1,-1,07T23@3,BUYER,0,7,-1,-1,4
284,OTHER,T23,7,1,10,0,-1,-1,SELLER,00T23@0,0,7,-1,-1,0
862,T35,T23,7,3,30,7,-1,7,05T35@2,07T23@3,12,7,-1,-1,3
858,T20,T35,7,8,12,6,-1,6,02T20@1,05T35@2,18,7,-1,-1,2
209,T35,OTHER,7,3,42,0,-1,-1,06T35@3,BUYER,0,7,-1,-1,4
211,T23,OTHER,7,2,42,0,-1,-1,07T23@3,BUYER,0,7,-1,-1,4
501,T23,OTHER,7,1,42,0,-1,-1,07T23@3,BUYER,0,7,-1,-1,4
790,T23,T22,7,2,3,4,-1,4,00T23@0,03T22@1,13,7,-1,-1,1
799,T20,T35,7,8,12,5,-1,5,02T20@1,05T35@2,17,7,-1,-1,2
224,OTHER,T23,7,2,10,0,-1,-1,SELLER,00T23@0,0,7,-1,-1,0
542,OTHER,T23,7,2,10,0,-1,-1,SELLER,00T23@0,0,7,-1,-1,0
5,OTHER,T35,7,2,10,0,-1,-1,SELLER,01T35@0,0,7,-1,-1,0
551,OTHER,T23,7,3,10,0,-1,-1,SELLER,00T23@0,0,7,-1,-1,0
787,T35,T22,7,2,8,4,-1,4,01T35@0,03T22@1,17,7,-1,-1,1
729,T23,T22,7,3,1,3,-1,3,00T23@0,03T22@1,9,7,-1,-1,1
232,T23,OTHER,7,2,42,0,-1,-1,07T23@3,BUYER,0,7,-1,-1,4
459,T35,OTHER,7,2,42,0,-1,-1,06T35@3,BUYER,0,7,-1,-1,4
691,T20,T35,7,5,12,2,-1,2,02T20@1,05T35@2,17,7,-1,-1,2
606,T35,T23,7,8,32,1,-1,1,05T35@2,07T23@3,8,7,-1,-1,3
698,T20,T35,7,44,13,2,-1,2,02T20@1,05T35@2,17,7,-1,-1,2
382,T35,OTHER,7,1,42,0,-1,-1,06T35@3,BUYER,0,7,-1,-1,4
44,OTHER,T35,7,2,10,0,-1,-1,SELLER,01T35@0,0,7,-1,-1,0
369,T35,OTHER,7,2,42,0,-1,-1,06T35@3,BUYER,0,7,-1,-1,4
348,T23,OTHER,7,3,42,0,-1,-1,07T23@3,BUYER,0,7,-1,-1,4
687,T20,T35,7,17,11,2,-1,2,02T20@1,05T35@2,18,7,-1,-1,2
885,T20,T35,7,8,12,7,-1,7,02T20@1,05T35@2,18,7,-1,-1,2
36,OTHER,T35,7,3,10,0,-1,-1,SELLER,01T35@0,0,7,-1,-1,0
709,T22,T35,7,1,36,2,-1,2,03T22@1,05T35@2,17,7,-1,-1,2
65,T35,OTHER,7,1,42,0,-1,-1,06T35@3,BUYER,0,7,-1,-1,4
679,T35,T20,7,14,4,2,-1,2,01T35@0,02T20@1,17,7,-1,-1,1
43,OTHER,T23,7,1,10,0,-1,-1,SELLER,00T23@0,0,7,-1,-1,0
49,T23,OTHER,7,2,42,0,-1,-1,07T23@3,BUYER,0,7,-1,-1,4
628,T35,T23,7,4,32,1,-1,1,05T35@2,07T23@3,12,7,-1,-1,3
467,OTHER,T23,8,2,10,0,-1,-1,SELLER,00T23@0,0,8,-1,-1,0
389,OTHER,T23,8,2,10,0,-1,-1,SELLER,00T23@0,0,8,-1,-1,0
250,OTHER,T35,8,3,10,0,-1,-1,SELLER,01T35@0,0,8,-1,-1,0
801,T35,T22,8,2,8,5,-1,5,01T35@0,03T22@1,17,8,-1,-1,1
414,T23,OTHER,8,1,42,0,-1,-1,07T23@3,BUYER,0,8,-1,-1,4
547,T35,OTHER,8,4,42,0,-1,-1,06T35@3,BUYER,0,8,-1,-1,4
800,T23,T22,8,5,1,5,-1,5,00T23@0,03T22@1,9,8,-1,-1,1
797,T23,T22,8,4,2,5,-1,5,00T23@0,03T22@1,16,8,-1,-1,1
449,OTHER,T23,8,2,10,0,-1,-1,SELLER,00T23@0,0,8,-1,-1,0
255,T23,OTHER,8,1,42,0,-1,-1,07T23@3,BUYER,0,8,-1,-1,4
114,T23,OTHER,8,1,42,0,-1,-1,07T23@3,BUYER,0,8,-1,-1,4
497,OTHER,T35,8,1,10,0,-1,-1,SELLER,01T35@0,0,8,-1,-1,0
110,T23,OTHER,8,3,42,0,-1,-1,07T23@3,BUYER,0,8,-1,-1,4
456,T23,OTHER,8,3,42,0,-1,-1,07T23@3,BUYER,0,8,-1,-1,4
821,T35,T23,8,9,32,5,-1,5,05T35@2,07T23@3,11,8,-1,-1,3
99,OTHER,T23,8,3,10,0,-1,-1,SELLER,00T23@0,0,8,-1,-1,0
490,T35,OTHER,8,1,42,0,-1,-1,06T35@3,BUYER,0,8,-1,-1,4
734,T22,T35,8,1,36,3,-1,3,03T22@1,05T35@2,17,8,-1,-1,2
716,T35,T20,8,8,3,2,-1,2,01T35@0,02T20@1,17,8,-1,-1,1
489,T35,OTHER,8,2,42,0,-1,-1,06T35@3,BUYER,0,8,-1,-1,4
254,OTHER,T23,8,1,10,0,-1,-1,SELLER,00T23@0,0,8,-1,-1,0
423,OTHER,T23,8,1,10,0,-1,-1,SELLER,00T23@0,0,8,-1,-1,0
702,T20,T35,8,16,11,2,-1,2,02T20@1,05T35@2,17,8,-1,-1,2
889,T23,T22,8,1,1,7,-1,7,00T23@0,03T22@1,12,8,-1,-1,1
179,OTHER,T35,8,1,10,0,-1,-1,SELLER,01T35@0,0,8,-1,-1,0
210,OTHER,T35,8,1,10,0,-1,-1,SELLER,01T35@0,0,8,-1,-1,0
918,T23,T22,8,4,1,8,-1,8,00T23@0,03T22@1,12,8,-1,-1,1
141,T23,OTHER,8,2,42,0,-1,-1,07T23@3,BUYER,0,8,-1,-1,4
904,T20,T35,8,11,12,8,-1,8,02T20@1,05T35@2,17,8,-1,-1,2
837,T35,T23,8,13,28,6,-1,6,05T35@2,07T23@3,13,8,-1,-1,3
924,T35,T23,8,1,32,8,-1,8,05T35@2,07T23@3,11,8,-1,-1,3
925,T35,T35,8,4,16,8,-1,8,05T35@2,06T35@3,17,8,-1,-1,3
154,T35,OTHER,8,2,42,0,-1,-1,06T35@3,BUYER,0,8,-1,-1,4
915,T20,T35,8,7,12,8,-1,8,02T20@1,05T35@2,18,8,-1,-1,2
908,T35,T22,8,2,8,8,-1,8,01T35@0,03T22@1,17,8,-1,-1,1
906,T20,T35,8,9,12,8,-1,8,02T20@1,05T35@2,18,8,-1,-1,2
185,OTHER,T35,8,3,10,0,-1,-1,SELLER,01T35@0,0,8,-1,-1,0
827,T23,T20,8,16,1,6,-1,6,00T23@0,02T20@1,14,8,-1,-1,1
327,T23,OTHER,9,3,42,0,-1,-1,07T23@3,BUYER,0,9,-1,-1,4
14,OTHER,T23,9,1,10,0,-1,-1,SELLER,00T23@0,0,9,-1,-1,0
279,T23,OTHER,9,1,42,0,-1,-1,07T23@3,BUYER,0,9,-1,-1,4
56,OTHER,T23,9,4,10,0,-1,-1,SELLER,00T23@0,0,9,-1,-1,0
951,T23,T22,9,1,3,9,-1,9,00T23@0,03T22@1,14,9,-1,-1,1
511,T35,OTHER,9,4,42,0,-1,-1,06T35@3,BUYER,0,9,-1,-1,4
505,OTHER,T35,9,2,10,0,-1,-1,SELLER,01T35@0,0,9,-1,-1,0
436,OTHER,T35,9,4,10,0,-1,-1,SELLER,01T35@0,0,9,-1,-1,0
941,T20,T35,9,10,12,9,-1,9,02T20@1,05T35@2,17,9,-1,-1,2
948,T20,T35,9,6,12,9,-1,9,02T20@1,05T35@2,18,9,-1,-1,2
945,T35,T22,9,2,8,9,-1,9,01T35@0,03T22@1,17,9,-1,-1,1
712,T20,T35,9,15,11,2,-1,2,02T20@1,05T35@2,17,9,-1,-1,2
125,T35,OTHER,9,2,42,0,-1,-1,06T35@3,BUYER,0,9,-1,-1,4
373,T23,OTHER,9,5,42,0,-1,-1,07T23@3,BUYER,0,9,-1,-1,4
418,T23,OTHER,9,1,42,0,-1,-1,07T23@3,BUYER,0,9,-1,-1,4
526,OTHER,T23,9,3,10,0,-1,-1,SELLER,00T23@0,0,9,-1,-1,0
947,T35,T23,9,5,30,9,-1,9,05T35@2,07T23@3,12,9,-1,-1,3
878,T20,T35,9,5,12,7,-1,7,02T20@1,05T35@2,18,9,-1,-1,2
176,T35,OTHER,9,2,42,0,-1,-1,06T35@3,BUYER,0,9,-1,-1,4
617,T22,T35,9,1,36,1,-1,1,03T22@1,05T35@2,17,9,-1,-1,2
905,T35,T23,9,6,32,8,-1,8,05T35@2,07T23@3,12,9,-1,-1,3
404,OTHER,T23,9,1,10,0,-1,-1,SELLER,00T23@0,0,9,-1,-1,0
415,OTHER,T35,9,3,10,0,-1,-1,SELLER,01T35@0,0,9,-1,-1,0
845,T23,T22,9,2,5,6,-1,6,00T23@0,03T22@1,16,9,-1,-1,1
569,T35,T23,9,6,32,1,-1,1,05T35@2,07T23@3,10,9,-1,-1,3
566,T23,OTHER,9,1,42,0,-1,-1,07T23@3,BUYER,0,9,-1,-1,4
400,OTHER,T35,9,1,10,0,-1,-1,SELLER,01T35@0,0,9,-1,-1,0
819,T23,T20,9,8,0,5,-1,5,00T23@0,02T20@1,10,9,-1,-1,1
776,T22,T35,9,1,36,4,-1,4,03T22@1,05T35@2,17,9,-1,-1,2
221,T35,OTHER,9,1,42,0,-1,-1,06T35@3,BUYER,0,9,-1,-1,4
108,OTHER,T35,9,1,10,0,-1,-1,SELLER,01T35@0,0,9,-1,-1,0
319,T35,OTHER,10,2,42,0,-1,-1,06T35@3,BUYER,0,10,-1,-1,4
614,T35,T35,10,4,17,1,-1,1,05T35@2,06T35@3,17,10,-1,-1,3
387,OTHER,T23,10,2,10,0,-1,-1,SELLER,00T23@0,0,10,-1,-1,0
479,OTHER,T35,10,2,10,0,-1,-1,SELLER,01T35@0,0,10,-1,-1,0
834,T35,T22,10,2,8,6,-1,6,01T35@0,03T22@1,17,10,-1,-1,1
390,T23,OTHER,10,3,42,0,-1,-1,07T23@3,BUYER,0,10,-1,-1,4
877,T23,T22,10,5,1,7,-1,7,00T23@0,03T22@1,11,10,-1,-1,1
256,OTHER,T23,10,2,10,0,-1,-1,SELLER,00T23@0,0,10,-1,-1,0
174,T23,OTHER,10,1,42,0,-1,-1,07T23@3,BUYER,0,10,-1,-1,4
394,OTHER,T35,10,1,10,0,-1,-1,SELLER,01T35@0,0,10,-1,-1,0
972,T20,T35,10,5,12,10,-1,10,02T20@1,05T35@2,17,10,-1,-1,2
927,T23,T20,10,15,3,9,-1,9,00T23@0,02T20@1,16,10,-1,-1,1
171,OTHER,T35,10,1,10,0,-1,-1,SELLER,01T35@0,0,10,-1,-1,0
640,T35,T23,10,13,28,1,-1,1,05T35@2,07T23@3,13,10,-1,-1,3
831,T20,T35,10,17,11,6,-1,6,02T20@1,05T35@2,17,10,-1,-1,2
177,T23,OTHER,10,3,42,0,-1,-1,07T23@3,BUYER,0,10,-1,-1,4
550,T35,OTHER,10,2,42,0,-1,-1,06T35@3,BUYER,0,10,-1,-1,4
426,T35,OTHER,10,2,42,0,-1,-1,06T35@3,BUYER,0,10,-1,-1,4
886,T35,T20,10,6,3,7,-1,7,01T35@0,02T20@1,17,10,-1,-1,1
235,T35,OTHER,10,2,42,0,-1,-1,06T35@3,BUYER,0,10,-1,-1,4
887,T35,T22,10,2,8,7,-1,7,01T35@0,03T22@1,17,10,-1,-1,1
968,T20,T35,10,9,12,10,-1,10,02T20@1,05T35@2,17,10,-1,-1,2
814,T22,T35,10,1,36,5,-1,5,03T22@1,05T35@2,17,10,-1,-1,2
641,T22,T35,10,1,36,1,-1,1,03T22@1,05T35@2,17,10,-1,-1,2
916,T23,T20,10,15,1,8,-1,8,00T23@0,02T20@1,14,10,-1,-1,1
533,OTHER,T35,10,4,10,0,-1,-1,SELLER,01T35@0,0,10,-1,-1,0
535,OTHER,T23,10,2,10,0,-1,-1,SELLER,00T23@0,0,10,-1,-1,0
647,T35,T23,10,1,32,1,-1,1,05T35@2,07T23@3,10,10,-1,-1,3
964,T35,T35,10,3,16,10,-1,10,05T35@2,06T35@3,17,10,-1,-1,3
518,OTHER,T35,10,3,10,0,-1,-1,SELLER,01T35@0,0,10,-1,-1,0
15,T23,OTHER,10,1,42,0,-1,-1,07T23@3,BUYER,0,10,-1,-1,4
496,OTHER,T35,10,2,10,0,-1,-1,SELLER,01T35@0,0,10,-1,-1,0
10,OTHER,T23,10,1,10,0,-1,-1,SELLER,00T23@0,0,10,-1,-1,0
495,T23,OTHER,10,4,42,0,-1,-1,07T23@3,BUYER,0,10,-1,-1,4
581,T35,T23,10,1,32,1,-1,1,05T35@2,07T23@3,10,10,-1,-1,3
646,T35,T23,10,1,29,1,-1,1,05T35@2,07T23@3,13,10,-1,-1,3
1010,T35,T35,11,5,16,11,-1,11,05T35@2,06T35@3,17,11,-1,-1,3
630,T35,T35,11,7,15,1,-1,1,05T35@2,06T35@3,17,11,-1,-1,3
354,T23,OTHER,11,2,42,0,-1,-1,07T23@3,BUYER,0,11,-1,-1,4
1015,T35,T20,11,14,3,-1,-1,11,01T35@0,02T20@1,17,-1,-1,-1,1
161,T35,OTHER,11,3,42,0,-1,-1,06T35@3,BUYER,0,11,-1,-1,4
164,T35,OTHER,11,1,42,0,-1,-1,06T35@3,BUYER,0,11,-1,-1,4
445,T23,OTHER,11,3,42,0,-1,-1,07T23@3,BUYER,0,11,-1,-1,4
338,T35,OTHER,11,1,42,0,-1,-1,06T35@3,BUYER,0,11,-1,-1,4
990,T20,T35,11,10,12,11,-1,11,02T20@1,05T35@2,18,11,-1,-1,2
158,OTHER,T23,11,2,10,0,-1,-1,SELLER,00T23@0,0,11,-1,-1,0
980,T23,T20,11,4,5,10,-1,10,00T23@0,02T20@1,19,11,-1,-1,1
531,OTHER,T23,11,2,10,0,-1,-1,SELLER,00T23@0,0,11,-1,-1,0
388,OTHER,T23,11,2,10,0,-1,-1,SELLER,00T23@0,0,11,-1,-1,0
708,T20,T35,11,14,11,2,-1,2,02T20@1,05T35@2,18,11,-1,-1,2
988,T20,T35,11,9,12,11,-1,11,02T20@1,05T35@2,17,11,-1,-1,2
605,T35,T35,11,6,17,1,-1,1,05T35@2,06T35@3,17,11,-1,-1,3
286,OTHER,T35,11,4,10,0,-1,-1,SELLER,01T35@0,0,11,-1,-1,0
72,OTHER,T23,11,1,10,0,-1,-1,SELLER,00T23@0,0,11,-1,-1,0
374,T35,OTHER,11,5,42,0,-1,-1,06T35@3,BUYER,0,11,-1,-1,4
946,T23,T20,11,4,1,9,-1,9,00T23@0,02T20@1,15,11,-1,-1,1
485,T23,OTHER,11,1,42,0,-1,-1,07T23@3,BUYER,0,11,-1,-1,4
920,T23,T20,11,9,2,8,-1,8,00T23@0,02T20@1,15,11,-1,-1,1
869,T35,T20,11,6,3,7,-1,7,01T35@0,02T20@1,18,11,-1,-1,1
970,T23,T22,11,5,1,10,-1,10,00T23@0,03T22@1,12,11,-1,-1,1
242,OTHER,T35,11,4,10,0,-1,-1,SELLER,01T35@0,0,11,-1,-1,0
498,OTHER,T23,11,3,10,0,-1,-1,SELLER,00T23@0,0,11,-1,-1,0
98,T35,OTHER,11,1,42,0,-1,-1,06T35@3,BUYER,0,11,-1,-1,4
919,T23,T22,11,2,3,8,-1,8,00T23@0,03T22@1,14,11,-1,-1,1
1002,T35,T22,11,2,8,11,-1,11,01T35@0,03T22@1,17,11,-1,-1,1
321,T23,OTHER,11,2,42,0,-1,-1,07T23@3,BUYER,0,11,-1,-1,4
895,T23,T20,11,8,0,8,-1,8,00T23@0,02T20@1,11,11,-1,-1,1
615,T35,T23,11,2,32,1,-1,1,05T35@2,07T23@3,11,11,-1,-1,3
890,T35,T35,11,6,17,7,-1,7,05T35@2,06T35@3,17,11,-1,-1,3
534,T35,OTHER,11,1,42,0,-1,-1,06T35@3,BUYER,0,11,-1,-1,4
471,OTHER,T35,11,2,10,0,-1,-1,SELLER,01T35@0,0,11,-1,-1,0
1036,T35,T35,12,5,16,12,-1,12,05T35@2,06T35@3,17,12,-1,-1,3
1017,T35,T23,12,5,25,12,-1,12,05T35@2,07T23@3,14,12,-1,-1,3
165,OTHER,T35,12,2,10,0,-1,-1,SELLER,01T35@0,0,12,-1,-1,0
892,T35,T22,12,2,8,8,-1,8,01T35@0,03T22@1,17,12,-1,-1,1
1033,T35,T20,12,4,3,12,-1,12,01T35@0,02T20@1,18,12,-1,-1,1
51,T23,OTHER,12,3,42,0,-1,-1,07T23@3,BUYER,0,12,-1,-1,4
1019,T20,T35,12,8,12,12,-1,12,02T20@1,05T35@2,18,12,-1,-1,2
825,T23,T20,12,11,0,5,-1,5,00T23@0,02T20@1,12,12,-1,-1,1
481,OTHER,T35,12,3,10,0,-1,-1,SELLER,01T35@0,0,12,-1,-1,0
589,T35,T35,12,8,15,1,-1,1,05T35@2,06T35@3,17,12,-1,-1,3
595,T35,T35,12,9,15,1,-1,1,05T35@2,06T35@3,17,12,-1,-1,3
22,OTHER,T23,12,2,10,0,-1,-1,SELLER,00T23@0,0,12,-1,-1,0
864,T22,T35,12,1,36,7,-1,7,03T22@1,05T35@2,17,12,-1,-1,2
292,OTHER,T23,12,2,10,0,-1,-1,SELLER,00T23@0,0,12,-1,-1,0
431,T23,OTHER,12,1,42,0,-1,-1,07T23@3,BUYER,0,12,-1,-1,4
7,OTHER,T23,12,2,10,0,-1,-1,SELLER,00T23@0,0,12,-1,-1,0
541,T23,OTHER,12,1,42,0,-1,-1,07T23@3,BUYER,0,12,-1,-1,4
123,OTHER,T35,12,1,10,0,-1,-1,SELLER,01T35@0,0,12,-1,-1,0
306,OTHER,T23,12,2,10,0,-1,-1,SELLER,00T23@0,0,12,-1,-1,0
93,T23,OTHER,12,2,42,0,-1,-1,07T23@3,BUYER,0,12,-1,-1,4
106,OTHER,T35,12,3,10,0,-1,-1,SELLER,01T35@0,0,12,-1,-1,0
190,T23,OTHER,12,2,42,0,-1,-1,07T23@3,BUYER,0,12,-1,-1,4
720,T35,T20,12,5,3,2,-1,2,01T35@0,02T20@1,18,12,-1,-1,1
1044,T20,T35,12,6,12,12,-1,12,02T20@1,05T35@2,18,12,-1,-1,2
717,T35,T20,12,7,3,2,-1,2,01T35@0,02T20@1,18,12,-1,-1,1
6,OTHER,T23,12,3,10,0,-1,-1,SELLER,00T23@0,0,12,-1,-1,0
40,T23,OTHER,12,1,42,0,-1,-1,07T23@3,BUYER,0,12,-1,-1,4
247,T35,OTHER,12,3,42,0,-1,-1,06T35@3,BUYER,0,12,-1,-1,4
1008,T35,T20,12,6,3,11,-1,11,01T35@0,02T20@1,18,12,-1,-1,1
441,T23,OTHER,12,6,42,0,-1,-1,07T23@3,BUYER,0,12,-1,-1,4
116,T35,OTHER,12,1,42,0,-1,-1,06T35@3,BUYER,0,12,-1,-1,4
11,T35,OTHER,13,2,42,0,-1,-1,06T35@3,BUYER,0,13,-1,-1,4
1052,T20,T35,13,6,12,13,-1,13,02T20@1,05T35@2,17,13,-1,-1,2
1057,T35,T35,13,4,16,13,-1,13,05T35@2,06T35@3,17,13,-1,-1,3
163,OTHER,T35,13,2,10,0,-1,-1,SELLER,01T35@0,0,13,-1,-1,0
144,T23,OTHER,13,2,42,0,-1,-1,07T23@3,BUYER,0,13,-1,-1,4
57,T23,OTHER,13,1,42,0,-1,-1,07T23@3,BUYER,0,13,-1,-1,4
653,T35,T35,13,11,15,1,-1,1,05T35@2,06T35@3,17,13,-1,-1,3
26,OTHER,T35,13,1,10,0,-1,-1,SELLER,01T35@0,0,13,-1,-1,0
167,OTHER,T35,13,3,10,0,-1,-1,SELLER,01T35@0,0,13,-1,-1,0
1060,T35,T23,13,8,32,13,-1,13,05T35@2,07T23@3,14,13,-1,-1,3
913,T22,T35,13,1,36,8,-1,8,03T22@1,05T35@2,17,13,-1,-1,2
1070,T35,T22,13,2,8,13,-1,13,01T35@0,03T22@1,17,13,-1,-1,1
52,OTHER,T35,13,1,10,0,-1,-1,SELLER,01T35@0,0,13,-1,-1,0
1067,T35,T22,13,2,8,13,-1,13,01T35@0,03T22@1,17,13,-1,-1,1
131,OTHER,T35,13,1,10,0,-1,-1,SELLER,01T35@0,0,13,-1,-1,0
397,OTHER,T35,13,4,10,0,-1,-1,SELLER,01T35@0,0,13,-1,-1,0
940,T35,T35,13,4,17,9,-1,9,05T35@2,06T35@3,17,13,-1,-1,3
307,T35,OTHER,13,2,42,0,-1,-1,06T35@3,BUYER,0,13,-1,-1,4
345,T23,OTHER,13,2,42,0,-1,-1,07T23@3,BUYER,0,13,-1,-1,4
268,T23,OTHER,13,4,42,0,-1,-1,07T23@3,BUYER,0,13,-1,-1,4
780,T23,T20,13,9,0,4,-1,4,00T23@0,02T20@1,13,13,-1,-1,1
882,T35,T20,13,5,3,7,-1,7,01T35@0,02T20@1,17,13,-1,-1,1
1006,T35,T23,13,8,32,11,-1,11,05T35@2,07T23@3,8,13,-1,-1,3
175,T35,OTHER,13,3,42,0,-1,-1,06T35@3,BUYER,0,13,-1,-1,4
755,T23,T20,13,8,0,3,-1,3,00T23@0,02T20@1,12,13,-1,-1,1
678,T20,T35,13,10,11,2,-1,2,02T20@1,05T35@2,17,13,-1,-1,2
331,OTHER,T23,13,1,10,0,-1,-1,SELLER,00T23@0,0,13,-1,-1,0
979,T23,T20,13,10,1,10,-1,10,00T23@0,02T20@1,14,13,-1,-1,1
378,T35,OTHER,13,2,42,0,-1,-1,06T35@3,BUYER,0,13,-1,-1,4
287,OTHER,T23,13,1,10,0,-1,-1,SELLER,00T23@0,0,13,-1,-1,0
249,OTHER,T23,13,6,10,0,-1,-1,SELLER,00T23@0,0,13,-1,-1,0
668,T20,T35,13,14,11,2,-1,2,02T20@1,05T35@2,18,13,-1,-1,2
714,T35,T20,13,3,3,2,-1,2,01T35@0,02T20@1,18,13,-1,-1,1
226,T35,OTHER,13,2,42,0,-1,-1,06T35@3,BUYER,0,13,-1,-1,4
20,T35,OTHER,14,3,42,0,-1,-1,06T35@3,BUYER,0,14,-1,-1,4
195,OTHER,T35,14,2,10,0,-1,-1,SELLER,01T35@0,0,14,-1,-1,0
440,OTHER,T35,14,3,10,0,-1,-1,SELLER,01T35@0,0,14,-1,-1,0
299,T23,OTHER,14,1,42,0,-1,-1,07T23@3,BUYER,0,14,-1,-1,4
722,T20,T35,14,17,11,2,-1,2,02T20@1,05T35@2,17,14,-1,-1,2
17,T23,OTHER,14,4,42,0,-1,-1,07T23@3,BUYER,0,14,-1,-1,4
198,T23,OTHER,14,4,42,0,-1,-1,07T23@3,BUYER,0,14,-1,-1,4
333,T35,OTHER,14,2,42,0,-1,-1,06T35@3,BUYER,0,14,-1,-1,4
472,OTHER,T23,14,2,10,0,-1,-1,SELLER,00T23@0,0,14,-1,-1,0
468,OTHER,T35,14,2,10,0,-1,-1,SELLER,01T35@0,0,14,-1,-1,0
1082,T20,T35,14,10,12,14,-1,14,02T20@1,05T35@2,18,14,-1,-1,2
1085,T35,T35,14,4,16,14,-1,14,05T35@2,06T35@3,17,14,-1,-1,3
326,T35,OTHER,14,2,42,0,-1,-1,06T35@3,BUYER,0,14,-1,-1,4
328,T23,OTHER,14,3,42,0,-1,-1,07T23@3,BUYER,0,14,-1,-1,4
992,T23,T22,14,1,2,11,-1,11,00T23@0,03T22@1,13,14,-1,-1,1
1087,T23,T22,14,5,5,14,-1,14,00T23@0,03T22@1,17,14,-1,-1,1
998,T23,T22,14,4,1,11,-1,11,00T23@0,03T22@1,10,14,-1,-1,1
1012,T35,T22,14,2,8,11,-1,11,01T35@0,03T22@1,17,14,-1,-1,1
587,T35,T35,14,9,15,1,-1,1,05T35@2,06T35@3,17,14,-1,-1,3
128,T23,OTHER,14,1,42,0,-1,-1,07T23@3,BUYER,0,14,-1,-1,4
273,OTHER,T23,14,5,10,0,-1,-1,SELLER,00T23@0,0,14,-1,-1,0
975,T35,T23,14,8,32,10,-1,10,05T35@2,07T23@3,12,14,-1,-1,3
269,OTHER,T23,14,1,10,0,-1,-1,SELLER,00T23@0,0,14,-1,-1,0
851,T23,T20,14,8,1,6,-1,6,00T23@0,02T20@1,15,14,-1,-1,1
1032,T35,T23,14,2,31,12,-1,12,05T35@2,07T23@3,11,14,-1,-1,3
363,OTHER,T35,14,4,10,0,-1,-1,SELLER,01T35@0,0,14,-1,-1,0
554,OTHER,T35,14,1,10,0,-1,-1,SELLER,01T35@0,0,14,-1,-1,0
649,T35,T35,14,7,15,1,-1,1,05T35@2,06T35@3,17,14,-1,-1,3
522,OTHER,T35,15,4,10,0,-1,-1,SELLER,01T35@0,0,15,-1,-1,0
155,T23,OTHER,15,3,42,0,-1,-1,07T23@3,BUYER,0,15,-1,-1,4
1040,T23,T22,15,5,1,12,-1,12,00T23@0,03T22@1,13,15,-1,-1,1
675,T20,T35,15,11,11,2,-1,2,02T20@1,05T35@2,17,15,-1,-1,2
381,OTHER,T35,15,2,10,0,-1,-1,SELLER,01T35@0,0,15,-1,-1,0
68,OTHER,T35,15,1,10,0,-1,-1,SELLER,01T35@0,0,15,-1,-1,0
1038,T35,T20,15,6,3,12,-1,12,01T35@0,02T20@1,18,15,-1,-1,1
34,OTHER,T35,15,1,10,0,-1,-1,SELLER,01T35@0,0,15,-1,-1,0
229,T35,OTHER,15,1,42,0,-1,-1,06T35@3,BUYER,0,15,-1,-1,4
1102,T35,T22,15,2,8,15,-1,15,01T35@0,03T22@1,17,15,-1,-1,1
95,T23,OTHER,15,1,42,0,-1,-1,07T23@3,BUYER,0,15,-1,-1,4
316,OTHER,T23,15,3,10,0,-1,-1,SELLER,00T23@0,0,15,-1,-1,0
380,T35,OTHER,15,1,42,0,-1,-1,06T35@3,BUYER,0,15,-1,-1,4
217,T35,OTHER,15,2,42,0,-1,-1,06T35@3,BUYER,0,15,-1,-1,4
53,T35,OTHER,15,1,42,0,-1,-1,06T35@3,BUYER,0,15,-1,-1,4
421,OTHER,T23,15,1,10,0,-1,-1,SELLER,00T23@0,0,15,-1,-1,0
160,T23,OTHER,15,2,42,0,-1,-1,07T23@3,BUYER,0,15,-1,-1,4
85,T23,OTHER,15,3,42,0,-1,-1,07T23@3,BUYER,0,15,-1,-1,4
1107,T35,T35,15,6,16,15,-1,15,05T35@2,06T35@3,17,15,-1,-1,3
336,T35,OTHER,15,4,42,0,-1,-1,06T35@3,BUYER,0,15,-1,-1,4
362,OTHER,T35,15,2,10,0,-1,-1,SELLER,01T35@0,0,15,-1,-1,0
343,OTHER,T35,15,2,10,0,-1,-1,SELLER,01T35@0,0,15,-1,-1,0
559,T23,OTHER,15,2,42,0,-1,-1,07T23@3,BUYER,0,15,-1,-1,4
580,T35,T35,15,6,15,1,-1,1,05T35@2,06T35@3,17,15,-1,-1,3
637,T35,T35,15,9,15,1,-1,1,05T35@2,06T35@3,17,15,-1,-1,3
301,OTHER,T35,15,1,10,0,-1,-1,SELLER,01T35@0,0,15,-1,-1,0
473,OTHER,T23,15,3,10,0,-1,-1,SELLER,00T23@0,0,15,-1,-1,0
147,OTHER,T35,16,3,10,0,-1,-1,SELLER,01T35@0,0,16,-1,-1,0
556,OTHER,T23,16,2,10,0,-1,-1,SELLER,00T23@0,0,16,-1,-1,0
487,OTHER,T23,16,2,10,0,-1,-1,SELLER,00T23@0,0,16,-1,-1,0
593,T35,T23,16,8,32,1,-1,1,05T35@2,07T23@3,8,16,-1,-1,3
243,T35,OTHER,16,4,42,0,-1,-1,06T35@3,BUYER,0,16,-1,-1,4
293,T23,OTHER,16,5,42,0,-1,-1,07T23@3,BUYER,0,16,-1,-1,4
570,T35,T35,16,7,15,1,-1,1,05T35@2,06T35@3,17,16,-1,-1,3
201,OTHER,T35,16,3,10,0,-1,-1,SELLER,01T35@0,0,16,-1,-1,0
227,OTHER,T23,16,2,10,0,-1,-1,SELLER,00T23@0,0,16,-1,-1,0
840,T22,T35,16,1,36,6,-1,6,03T22@1,05T35@2,17,16,-1,-1,2
512,T35,OTHER,16,1,42,0,-1,-1,06T35@3,BUYER,0,16,-1,-1,4
539,OTHER,T35,16,1,10,0,-1,-1,SELLER,01T35@0,0,16,-1,-1,0
1151,T35,T35,16,5,16,16,-1,16,05T35@2,06T35@3,17,16,-1,-1,3
1155,T20,T35,16,27,14,16,-1,16,02T20@1,05T35@2,17,16,-1,-1,2
742,T20,T35,16,8,11,3,-1,3,02T20@1,05T35@2,17,16,-1,-1,2
64,OTHER,T23,16,1,10,0,-1,-1,SELLER,00T23@0,0,16,-1,-1,0
312,T35,OTHER,16,1,42,0,-1,-1,06T35@3,BUYER,0,16,-1,-1,4
1063,T35,T20,16,4,3,13,-1,13,01T35@0,02T20@1,17,16,-1,-1,1
634,T35,T35,16,10,15,1,-1,1,05T35@2,06T35@3,17,16,-1,-1,3
427,T35,OTHER,16,1,42,0,-1,-1,06T35@3,BUYER,0,16,-1,-1,4
368,OTHER,T35,16,1,10,0,-1,-1,SELLER,01T35@0,0,16,-1,-1,0
1004,T22,T35,16,1,36,11,-1,11,03T22@1,05T35@2,17,16,-1,-1,2
1093,T35,T20,16,7,3,14,-1,14,01T35@0,02T20@1,17,16,-1,-1,1
476,T23,OTHER,16,3,42,0,-1,-1,07T23@3,BUYER,0,16,-1,-1,4
638,T35,T35,16,8,15,1,-1,1,05T35@2,06T35@3,17,16,-1,-1,3
1071,T23,T22,16,4,6,13,-1,13,00T23@0,03T22@1,16,16,-1,-1,1
610,T35,T23,16,11,30,1,-1,1,05T35@2,07T23@3,11,16,-1,-1,3
311,OTHER,T35,16,3,10,0,-1,-1,SELLER,01T35@0,0,16,-1,-1,0
169,OTHER,T35,16,2,10,0,-1,-1,SELLER,01T35@0,0,16,-1,-1,0
315,T23,OTHER,16,5,42,0,-1,-1,07T23@3,BUYER,0,16,-1,-1,4
180,T35,OTHER,17,3,42,0,-1,-1,06T35@3,BUYER,0,17,-1,-1,4
1188,T35,T20,17,37,3,-1,-1,17,01T35@0,02T20@1,15,-1,-1,-1,1
275,OTHER,T35,17,3,10,0,-1,-1,SELLER,01T35@0,0,17,-1,-1,0
432,T35,OTHER,17,3,42,0,-1,-1,06T35@3,BUYER,0,17,-1,-1,4
1016,T22,T35,17,1,36,12,-1,12,03T22@1,05T35@2,17,17,-1,-1,2
1158,T35,T20,17,25,3,-1,-1,16,01T35@0,02T20@1,16,-1,-1,-1,1
359,OTHER,T23,17,1,10,0,-1,-1,SELLER,00T23@0,0,17,-1,-1,0
358,T23,OTHER,17,1,42,0,-1,-1,07T23@3,BUYER,0,17,-1,-1,4
207,OTHER,T23,17,3,10,0,-1,-1,SELLER,00T23@0,0,17,-1,-1,0
118,T23,OTHER,17,3,42,0,-1,-1,07T23@3,BUYER,0,17,-1,-1,4
573,T35,T35,17,6,17,1,-1,1,05T35@2,06T35@3,17,17,-1,-1,3
383,T23,OTHER,17,3,42,0,-1,-1,07T23@3,BUYER,0,17,-1,-1,4
240,OTHER,T23,17,3,10,0,-1,-1,SELLER,00T23@0,0,17,-1,-1,0
2,OTHER,T35,17,3,10,0,-1,-1,SELLER,01T35@0,0,17,-1,-1,0
1059,T23,T22,17,1,2,13,-1,13,00T23@0,03T22@1,13,17,-1,-1,1
765,T23,T20,17,6,2,4,-1,4,00T23@0,02T20@1,17,17,-1,-1,1
703,T35,T20,17,11,2,2,-1,2,01T35@0,02T20@1,17,17,-1,-1,1
304,OTHER,T35,17,2,10,0,-1,-1,SELLER,01T35@0,0,17,-1,-1,0
344,T23,OTHER,17,1,42,0,-1,-1,07T23@3,BUYER,0,17,-1,-1,4
294,OTHER,T35,17,4,10,0,-1,-1,SELLER,01T35@0,0,17,-1,-1,0
619,T35,T35,17,8,15,1,-1,1,05T35@2,06T35@3,17,17,-1,-1,3
474,OTHER,T35,17,1,10,0,-1,-1,SELLER,01T35@0,0,17,-1,-1,0
92,T23,OTHER,17,1,42,0,-1,-1,07T23@3,BUYER,0,17,-1,-1,4
1106,T23,T20,17,18,3,15,-1,15,00T23@0,02T20@1,17,17,-1,-1,1
337,T23,OTHER,17,3,42,0,-1,-1,07T23@3,BUYER,0,17,-1,-1,4
439,T35,OTHER,17,2,42,0,-1,-1,06T35@3,BUYER,0,17,-1,-1,4
1110,T35,T22,18,2,8,15,-1,15,01T35@0,03T22@1,17,18,-1,-1,1
1114,T23,T22,18,1,2,15,-1,15,00T23@0,03T22@1,13,18,-1,-1,1
58,OTHER,T35,18,1,10,0,-1,-1,SELLER,01T35@0,0,18,-1,-1,0
796,T20,T35,18,11,11,5,-1,5,02T20@1,05T35@2,18,18,-1,-1,2
55,OTHER,T35,18,1,10,0,-1,-1,SELLER,01T35@0,0,18,-1,-1,0
412,T35,OTHER,18,1,42,0,-1,-1,06T35@3,BUYER,0,18,-1,-1,4
71,T23,OTHER,18,4,42,0,-1,-1,07T23@3,BUYER,0,18,-1,-1,4
563,OTHER,T35,18,1,10,0,-1,-1,SELLER,01T35@0,0,18,-1,-1,0
1115,T35,T23,18,3,32,15,-1,15,05T35@2,07T23@3,9,18,-1,-1,3
676,T35,T20,18,8,2,2,-1,2,01T35@0,02T20@1,17,18,-1,-1,1
371,T23,OTHER,18,4,42,0,-1,-1,07T23@3,BUYER,0,18,-1,-1,4
401,OTHER,T35,18,6,10,0,-1,-1,SELLER,01T35@0,0,18,-1,-1,0
24,OTHER,T23,18,1,10,0,-1,-1,SELLER,00T23@0,0,18,-1,-1,0
1086,T35,T23,18,11,30,14,-1,14,05T35@2,07T23@3,10,18,-1,-1,3
520,T23,OTHER,18,1,42,0,-1,-1,07T23@3,BUYER,0,18,-1,-1,4
157,OTHER,T23,18,1,10,0,-1,-1,SELLER,00T23@0,0,18,-1,-1,0
1108,T20,T35,18,18,11,15,-1,15,02T20@1,05T35@2,18,18,-1,-1,2
216,OTHER,T23,18,2,10,0,-1,-1,SELLER,00T23@0,0,18,-1,-1,0
460,T35,OTHER,18,2,42,0,-1,-1,06T35@3,BUYER,0,18,-1,-1,4
594,T35,T23,18,10,22,1,-1,1,05T35@2,07T23@3,16,18,-1,-1,3
117,T35,OTHER,18,3,42,0,-1,-1,06T35@3,BUYER,0,18,-1,-1,4
530,OTHER,T35,18,2,10,0,-1,-1,SELLER,01T35@0,0,18,-1,-1,0
97,T23,OTHER,18,1,42,0,-1,-1,07T23@3,BUYER,0,18,-1,-1,4
502,OTHER,T23,18,1,10,0,-1,-1,SELLER,00T23@0,0,18,-1,-1,0
208,OTHER,T23,18,4,10,0,-1,-1,SELLER,00T23@0,0,18,-1,-1,0
324,T35,OTHER,18,2,42,0,-1,-1,06T35@3,BUYER,0,18,-1,-1,4
529,T35,OTHER,18,2,42,0,-1,-1,06T35@3,BUYER,0,18,-1,-1,4
1122,T23,T22,19,1,1,15,-1,15,00T23@0,03T22@1,11,19,-1,-1,1
942,T22,T35,19,1,36,9,-1,9,03T22@1,05T35@2,17,19,-1,-1,2
1145,T23,T22,19,5,2,16,-1,16,00T23@0,03T22@1,14,19,-1,-1,1
624,T35,T35,19,7,15,1,-1,1,05T35@2,06T35@3,17,19,-1,-1,3
1235,T20,T35,19,27,14,19,-1,19,02T20@1,05T35@2,17,19,-1,-1,2
564,OTHER,T35,19,2,10,0,-1,-1,SELLER,01T35@0,0,19,-1,-1,0
1206,T35,T23,19,7,22,18,-1,18,05T35@2,07T23@3,16,19,-1,-1,3
0,OTHER,T23,19,3,10,0,-1,-1,SELLER,00T23@0,0,19,-1,-1,0
233,OTHER,T23,19,1,10,0,-1,-1,SELLER,00T23@0,0,19,-1,-1,0
63,OTHER,T35,19,3,10,0,-1,-1,SELLER,01T35@0,0,19,-1,-1,0
538,T35,OTHER,19,1,42,0,-1,-1,06T35@3,BUYER,0,19,-1,-1,4
54,T35,OTHER,19,3,42,0,-1,-1,06T35@3,BUYER,0,19,-1,-1,4
83,T23,OTHER,19,2,42,0,-1,-1,07T23@3,BUYER,0,19,-1,-1,4
276,T23,OTHER,19,2,42,0,-1,-1,07T23@3,BUYER,0,19,-1,-1,4
173,OTHER,T23,19,2,10,0,-1,-1,SELLER,00T23@0,0,19,-1,-1,0
295,T23,OTHER,19,1,42,0,-1,-1,07T23@3,BUYER,0,19,-1,-1,4
303,T35,OTHER,19,2,42,0,-1,-1,06T35@3,BUYER,0,19,-1,-1,4
41,OTHER,T23,19,2,10,0,-1,-1,SELLER,00T23@0,0,19,-1,-1,0
305,T23,OTHER,19,3,42,0,-1,-1,07T23@3,BUYER,0,19,-1,-1,4
504,T23,OTHER,19,2,42,0,-1,-1,07T23@3,BUYER,0,19,-1,-1,4
422,T23,OTHER,19,2,42,0,-1,-1,07T23@3,BUYER,0,19,-1,-1,4
75,OTHER,T23,19,1,10,0,-1,-1,SELLER,00T23@0,0,19,-1,-1,0
153,T35,OTHER,19,2,42,0,-1,-1,06T35@3,BUYER,0,19,-1,-1,4
140,OTHER,T35,19,2,10,0,-1,-1,SELLER,01T35@0,0,19,-1,-1,0
215,OTHER,T35,19,3,10,0,-1,-1,SELLER,01T35@0,0,19,-1,-1,0
509,OTHER,T35,19,1,10,0,-1,-1,SELLER,01T35@0,0,19,-1,-1,0
562,OTHER,T23,20,3,10,0,-1,-1,SELLER,00T23@0,0,20,-1,-1,0
39,OTHER,T35,20,2,10,0,-1,-1,SELLER,01T35@0,0,20,-1,-1,0
30,T23,OTHER,20,3,42,0,-1,-1,07T23@3,BUYER,0,20,-1,-1,4
25,OTHER,T23,20,1,10,0,-1,-1,SELLER,00T23@0,0,20,-1,-1,0
1127,T22,T35,20,1,36,15,-1,15,03T22@1,05T35@2,17,20,-1,-1,2
42,OTHER,T35,20,1,10,0,-1,-1,SELLER,01T35@0,0,20,-1,-1,0
1263,T35,T35,20,5,16,20,-1,20,05T35@2,06T35@3,17,20,-1,-1,3
156,T23,OTHER,20,4,42,0,-1,-1,07T23@3,BUYER,0,20,-1,-1,4
447,T23,OTHER,20,1,42,0,-1,-1,07T23@3,BUYER,0,20,-1,-1,4
438,T23,OTHER,20,1,42,0,-1,-1,07T23@3,BUYER,0,20,-1,-1,4
1139,T35,T23,20,9,30,16,-1,16,05T35@2,07T23@3,10,20,-1,-1,3
178,T23,OTHER,20,2,42,0,-1,-1,07T23@3,BUYER,0,20,-1,-1,4
416,T35,OTHER,20,3,42,0,-1,-1,06T35@3,BUYER,0,20,-1,-1,4
413,T35,OTHER,20,3,42,0,-1,-1,06T35@3,BUYER,0,20,-1,-1,4
751,T20,T35,20,4,11,3,-1,3,02T20@1,05T35@2,17,20,-1,-1,2
732,T35,T35,20,9,15,3,-1,3,05T35@2,06T35@3,17,20,-1,-1,3
710,T35,T20,20,17,2,2,-1,2,01T35@0,02T20@1,17,20,-1,-1,1
339,T23,OTHER,20,2,42,0,-1,-1,07T23@3,BUYER,0,20,-1,-1,4
385,OTHER,T35,20,2,10,0,-1,-1,SELLER,01T35@0,0,20,-1,-1,0
696,T20,T35,20,8,11,2,-1,2,02T20@1,05T35@2,18,20,-1,-1,2
688,T20,T35,20,3,11,2,-1,2,02T20@1,05T35@2,17,20,-1,-1,2
971,T22,T35,20,1,36,10,-1,10,03T22@1,05T35@2,17,20,-1,-1,2
1164,T23,T22,20,2,3,17,-1,17,00T23@0,03T22@1,13,20,-1,-1,1
70,OTHER,T35,20,1,10,0,-1,-1,SELLER,01T35@0,0,20,-1,-1,0
1197,T23,T22,20,2,2,18,-1,18,00T23@0,03T22@1,16,20,-1,-1,1
523,T23,OTHER,20,1,42,0,-1,-1,07T23@3,BUYER,0,20,-1,-1,4
1170,T35,T22,20,2,8,17,-1,17,01T35@0,03T22@1,17,20,-1,-1,1
532,OTHER,T23,20,5,10,0,-1,-1,SELLER,00T23@0,0,20,-1,-1,0
1224,T35,T35,20,9,18,19,-1,19,05T35@2,06T35@3,17,20,-1,-1,3
544,OTHER,T35,20,4,10,0,-1,-1,SELLER,01T35@0,0,20,-1,-1,0
545,OTHER,T35,20,1,10,0,-1,-1,SELLER,01T35@0,0,20,-1,-1,0
1275,T23,T20,20,28,3,-1,-1,20,00T23@0,02T20@1,16,-1,-1,-1,1
1210,T23,T20,20,11,1,18,-1,18,00T23@0,02T20@1,14,20,-1,-1,1
1267,T35,T35,20,9,18,20,-1,20,05T35@2,06T35@3,17,20,-1,-1,3
1174,T35,T23,20,3,32,17,-1,17,05T35@2,07T23@3,10,20,-1,-1,3
1246,T35,T23,20,6,25,20,-1,20,05T35@2,07T23@3,14,20,-1,-1,3
1270,T35,T23,20,3,31,20,-1,20,05T35@2,07T23@3,12,20,-1,-1,3
1268,T23,T22,20,2,2,20,-1,20,00T23@0,03T22@1,13,20,-1,-1,1
1245,T35,T20,20,25,3,-1,-1,19,01T35@0,02T20@1,17,-1,-1,-1,1
600,T35,T35,20,5,15,1,-1,1,05T35@2,06T35@3,17,20,-1,-1,3
314,T35,OTHER,21,2,42,0,-1,-1,06T35@3,BUYER,0,21,-1,-1,4
170,OTHER,T35,21,1,10,0,-1,-1,SELLER,01T35@0,0,21,-1,-1,0
527,OTHER,T35,21,2,10,0,-1,-1,SELLER,01T35@0,0,21,-1,-1,0
839,T35,T35,21,10,15,6,-1,6,05T35@2,06T35@3,17,21,-1,-1,3
410,T35,OTHER,21,2,42,0,-1,-1,06T35@3,BUYER,0,21,-1,-1,4
234,OTHER,T35,21,3,10,0,-1,-1,SELLER,01T35@0,0,21,-1,-1,0
393,OTHER,T23,21,3,10,0,-1,-1,SELLER,00T23@0,0,21,-1,-1,0
236,T23,OTHER,21,1,42,0,-1,-1,07T23@3,BUYER,0,21,-1,-1,4
773,T20,T35,21,6,11,4,-1,4,02T20@1,05T35@2,17,21,-1,-1,2
151,OTHER,T35,21,3,10,0,-1,-1,SELLER,01T35@0,0,21,-1,-1,0
1300,T35,T23,21,11,32,-1,-1,21,05T35@2,07T23@3,7,-1,-1,-1,3
1230,T35,T23,21,5,27,19,-1,19,05T35@2,07T23@3,14,21,-1,-1,3
398,OTHER,T35,21,2,10,0,-1,-1,SELLER,01T35@0,0,21,-1,-1,0
222,OTHER,T35,21,1,10,0,-1,-1,SELLER,01T35@0,0,21,-1,-1,0
1163,T35,T22,21,2,8,17,-1,17,01T35@0,03T22@1,17,21,-1,-1,1
685,T35,T35,21,8,17,2,-1,2,05T35@2,06T35@3,17,21,-1,-1,3
375,T35,OTHER,21,1,42,0,-1,-1,06T35@3,BUYER,0,21,-1,-1,4
135,T35,OTHER,21,4,42,0,-1,-1,06T35@3,BUYER,0,21,-1,-1,4
1179,T20,T35,21,37,10,17,-1,17,02T20@1,05T35@2,17,21,-1,-1,2
73,OTHER,T23,21,2,10,0,-1,-1,SELLER,00T23@0,0,21,-1,-1,0
1175,T35,T35,21,4,17,17,-1,17,05T35@2,06T35@3,17,21,-1,-1,3
1203,T35,T23,21,2,28,18,-1,18,05T35@2,07T23@3,13,21,-1,-1,3
515,T23,OTHER,21,4,42,0,-1,-1,07T23@3,BUYER,0,21,-1,-1,4
480,OTHER,T23,21,2,10,0,-1,-1,SELLER,00T23@0,0,21,-1,-1,0
1172,T35,T23,21,11,30,17,-1,17,05T35@2,07T23@3,10,21,-1,-1,3
1194,T35,T22,21,2,8,18,-1,18,01T35@0,03T22@1,17,21,-1,-1,1
124,T23,OTHER,21,2,42,0,-1,-1,07T23@3,BUYER,0,21,-1,-1,4
127,T23,OTHER,21,1,42,0,-1,-1,07T23@3,BUYER,0,21,-1,-1,4
130,OTHER,T23,21,1,10,0,-1,-1,SELLER,00T23@0,0,21,-1,-1,0
1171,T23,T22,21,3,1,17,-1,17,00T23@0,03T22@1,9,21,-1,-1,1
1156,T22,T35,21,1,36,16,-1,16,03T22@1,05T35@2,17,21,-1,-1,2
13,T35,OTHER,21,3,42,0,-1,-1,06T35@3,BUYER,0,21,-1,-1,4
1204,T23,T22,21,2,3,18,-1,18,00T23@0,03T22@1,13,21,-1,-1,1
340,OTHER,T35,22,2,10,0,-1,-1,SELLER,01T35@0,0,22,-1,-1,0
341,T35,OTHER,22,2,42,0,-1,-1,06T35@3,BUYER,0,22,-1,-1,4
1233,T23,T22,22,5,2,19,-1,19,00T23@0,03T22@1,11,22,-1,-1,1
38,OTHER,T35,22,1,10,0,-1,-1,SELLER,01T35@0,0,22,-1,-1,0
323,OTHER,T23,22,2,10,0,-1,-1,SELLER,00T23@0,0,22,-1,-1,0
308,T23,OTHER,22,3,42,0,-1,-1,07T23@3,BUYER,0,22,-1,-1,4
12,T23,OTHER,22,2,42,0,-1,-1,07T23@3,BUYER,0,22,-1,-1,4
325,OTHER,T35,22,1,10,0,-1,-1,SELLER,01T35@0,0,22,-1,-1,0
1213,T35,T22,22,2,8,18,-1,18,01T35@0,03T22@1,17,22,-1,-1,1
60,T35,OTHER,22,3,42,0,-1,-1,06T35@3,BUYER,0,22,-1,-1,4
133,OTHER,T35,22,3,10,0,-1,-1,SELLER,01T35@0,0,22,-1,-1,0
1330,T23,T20,22,24,0,-1,-1,22,00T23@0,02T20@1,12,-1,-1,-1,1
1209,T20,T35,22,17,11,18,-1,18,02T20@1,05T35@2,18,22,-1,-1,2
1325,T35,T23,22,8,27,22,-1,22,05T35@2,07T23@3,14,22,-1,-1,3
875,T35,T35,22,9,15,7,-1,7,05T35@2,06T35@3,17,22,-1,-1,3
1314,T35,T22,22,1,8,22,-1,22,01T35@0,03T22@1,17,22,-1,-1,1
45,T23,OTHER,22,2,42,0,-1,-1,07T23@3,BUYER,0,22,-1,-1,4
1312,T35,T35,22,6,16,22,-1,22,05T35@2,06T35@3,17,22,-1,-1,3
102,T35,OTHER,22,1,42,0,-1,-1,06T35@3,BUYER,0,22,-1,-1,4
89,T35,OTHER,22,4,42,0,-1,-1,06T35@3,BUYER,0,22,-1,-1,4
1198,T35,T35,22,5,17,18,-1,18,05T35@2,06T35@3,17,22,-1,-1,3
248,OTHER,T35,22,3,10,0,-1,-1,SELLER,01T35@0,0,22,-1,-1,0
772,T35,T35,22,8,17,4,-1,4,05T35@2,06T35@3,17,22,-1,-1,3
282,T23,OTHER,22,1,42,0,-1,-1,07T23@3,BUYER,0,22,-1,-1,4
104,OTHER,T35,22,2,10,0,-1,-1,SELLER,01T35@0,0,22,-1,-1,0
1327,T20,T35,22,28,14,22,-1,22,02T20@1,05T35@2,17,22,-1,-1,2
1255,T23,T22,22,3,1,20,-1,20,00T23@0,03T22@1,9,22,-1,-1,1
482,OTHER,T23,22,3,10,0,-1,-1,SELLER,00T23@0,0,22,-1,-1,0
450,OTHER,T35,22,1,10,0,-1,-1,SELLER,01T35@0,0,22,-1,-1,0
463,T23,OTHER,22,2,42,0,-1,-1,07T23@3,BUYER,0,22,-1,-1,4
503,OTHER,T23,22,2,10,0,-1,-1,SELLER,00T23@0,0,22,-1,-1,0
621,T35,T23,22,5,31,1,-1,1,05T35@2,07T23@3,9,22,-1,-1,3
651,T35,T23,22,9,29,1,-1,1,05T35@2,07T23@3,12,22,-1,-1,3
854,T35,T23,23,5,22,6,-1,6,05T35@2,07T23@3,16,23,-1,-1,3
959,T35,T35,23,5,17,10,-1,10,05T35@2,06T35@3,17,23,-1,-1,3
120,OTHER,T35,23,7,10,0,-1,-1,SELLER,01T35@0,0,23,-1,-1,0
111,T23,OTHER,23,1,42,0,-1,-1,07T23@3,BUYER,0,23,-1,-1,4
223,T23,OTHER,23,2,42,0,-1,-1,07T23@3,BUYER,0,23,-1,-1,4
1191,T22,T35,23,1,36,18,-1,18,03T22@1,05T35@2,17,23,-1,-1,2
403,T35,OTHER,23,2,42,0,-1,-1,06T35@3,BUYER,0,23,-1,-1,4
455,OTHER,T35,23,1,10,0,-1,-1,SELLER,01T35@0,0,23,-1,-1,0
81,T23,OTHER,23,2,42,0,-1,-1,07T23@3,BUYER,0,23,-1,-1,4
506,T23,OTHER,23,2,42,0,-1,-1,07T23@3,BUYER,0,23,-1,-1,4
405,T35,OTHER,23,2,42,0,-1,-1,06T35@3,BUYER,0,23,-1,-1,4
493,T23,OTHER,23,3,42,0,-1,-1,07T23@3,BUYER,0,23,-1,-1,4
1056,T22,T35,23,1,36,13,-1,13,03T22@1,05T35@2,17,23,-1,-1,2
267,T35,OTHER,23,1,42,0,-1,-1,06T35@3,BUYER,0,23,-1,-1,4
244,OTHER,T23,23,2,10,0,-1,-1,SELLER,00T23@0,0,23,-1,-1,0
811,T35,T35,23,8,17,5,-1,5,05T35@2,06T35@3,17,23,-1,-1,3
260,OTHER,T35,23,1,10,0,-1,-1,SELLER,01T35@0,0,23,-1,-1,0
654,T35,T23,23,11,26,1,-1,1,05T35@2,07T23@3,13,23,-1,-1,3
27,T35,OTHER,23,3,42,0,-1,-1,06T35@3,BUYER,0,23,-1,-1,4
921,T35,T35,23,8,15,8,-1,8,05T35@2,06T35@3,17,23,-1,-1,3
1322,T23,T22,23,3,2,22,-1,22,00T23@0,03T22@1,12,23,-1,-1,1
1358,T35,T35,23,11,18,-1,-1,23,05T35@2,06T35@3,17,-1,-1,-1,3
349,OTHER,T23,23,4,10,0,-1,-1,SELLER,00T23@0,0,23,-1,-1,0
567,OTHER,T35,23,1,10,0,-1,-1,SELLER,01T35@0,0,23,-1,-1,0
1225,T35,T35,23,5,17,19,-1,19,05T35@2,06T35@3,17,23,-1,-1,3
1274,T35,T22,23,2,8,20,-1,20,01T35@0,03T22@1,17,23,-1,-1,1
1282,T35,T22,23,1,8,21,-1,21,01T35@0,03T22@1,17,23,-1,-1,1
1287,T23,T22,23,4,1,21,-1,21,00T23@0,03T22@1,8,23,-1,-1,1
376,OTHER,T23,23,3,10,0,-1,-1,SELLER,00T23@0,0,23,-1,-1,0
351,T23,OTHER,23,2,42,0,-1,-1,07T23@3,BUYER,0,23,-1,-1,4
186,OTHER,T23,23,1,10,0,-1,-1,SELLER,00T23@0,0,23,-1,-1,0
199,OTHER,T35,24,1,10,0,-1,-1,SELLER,01T35@0,0,24,-1,-1,0
364,T23,OTHER,24,3,42,0,-1,-1,07T23@3,BUYER,0,24,-1,-1,4
406,OTHER,T23,24,3,10,0,-1,-1,SELLER,00T23@0,0,24,-1,-1,0
451,T23,OTHER,24,2,42,0,-1,-1,07T23@3,BUYER,0,24,-1,-1,4
428,T35,OTHER,24,1,42,0,-1,-1,06T35@3,BUYER,0,24,-1,-1,4
166,OTHER,T35,24,2,10,0,-1,-1,SELLER,01T35@0,0,24,-1,-1,0
402,T35,OTHER,24,3,42,0,-1,-1,06T35@3,BUYER,0,24,-1,-1,4
565,OTHER,T35,24,2,10,0,-1,-1,SELLER,01T35@0,0,24,-1,-1,0
1373,T35,T35,24,5,16,24,-1,24,05T35@2,06T35@3,17,24,-1,-1,3
1030,T35,T35,24,10,15,12,-1,12,05T35@2,06T35@3,17,24,-1,-1,3
1386,T35,T35,24,4,16,24,-1,24,05T35@2,06T35@3,17,24,-1,-1,3
1389,T23,T22,24,4,2,24,-1,24,00T23@0,03T22@1,13,24,-1,-1,1
162,OTHER,T23,24,2,10,0,-1,-1,SELLER,00T23@0,0,24,-1,-1,0
271,OTHER,T23,24,1,10,0,-1,-1,SELLER,00T23@0,0,24,-1,-1,0
1242,T22,T35,24,1,36,19,-1,19,03T22@1,05T35@2,17,24,-1,-1,2
122,T35,OTHER,24,2,42,0,-1,-1,06T35@3,BUYER,0,24,-1,-1,4
1094,T22,T35,24,1,36,14,-1,14,03T22@1,05T35@2,17,24,-1,-1,2
524,T23,OTHER,24,1,42,0,-1,-1,07T23@3,BUYER,0,24,-1,-1,4
528,OTHER,T23,24,2,10,0,-1,-1,SELLER,00T23@0,0,24,-1,-1,0
466,T35,OTHER,24,2,42,0,-1,-1,06T35@3,BUYER,0,24,-1,-1,4
317,OTHER,T23,24,3,10,0,-1,-1,SELLER,00T23@0,0,24,-1,-1,0
262,T35,OTHER,24,1,42,0,-1,-1,06T35@3,BUYER,0,24,-1,-1,4
330,T35,OTHER,24,2,42,0,-1,-1,06T35@3,BUYER,0,24,-1,-1,4
309,OTHER,T35,24,3,10,0,-1,-1,SELLER,01T35@0,0,24,-1,-1,0
519,OTHER,T35,24,1,10,0,-1,-1,SELLER,01T35@0,0,24,-1,-1,0
934,T35,T35,24,7,17,9,-1,9,05T35@2,06T35@3,17,24,-1,-1,3
1265,T20,T35,24,36,13,20,-1,20,02T20@1,05T35@2,17,24,-1,-1,2
132,T23,OTHER,24,3,42,0,-1,-1,07T23@3,BUYER,0,24,-1,-1,4
1294,T23,T22,24,5,2,21,-1,21,00T23@0,03T22@1,11,24,-1,-1,1
1247,T35,T22,24,2,8,20,-1,20,01T35@0,03T22@1,17,24,-1,-1,1
558,T35,OTHER,25,3,42,0,-1,-1,06T35@3,BUYER,0,25,-1,-1,4
238,T23,OTHER,25,2,42,0,-1,-1,07T23@3,BUYER,0,25,-1,-1,4
1405,T35,T23,25,8,32,25,-1,25,05T35@2,07T23@3,8,25,-1,-1,3
19,OTHER,T35,25,1,10,0,-1,-1,SELLER,01T35@0,0,25,-1,-1,0
1407,T35,T23,25,4,27,25,-1,25,05T35@2,07T23@3,13,25,-1,-1,3
1412,T35,T22,25,2,8,25,-1,25,01T35@0,03T22@1,17,25,-1,-1,1
488,OTHER,T35,25,3,10,0,-1,-1,SELLER,01T35@0,0,25,-1,-1,0
1416,T35,T35,25,6,16,25,-1,25,05T35@2,06T35@3,17,25,-1,-1,3
263,T35,OTHER,25,2,42,0,-1,-1,06T35@3,BUYER,0,25,-1,-1,4
465,OTHER,T35,25,3,10,0,-1,-1,SELLER,01T35@0,0,25,-1,-1,0
557,OTHER,T23,25,2,10,0,-1,-1,SELLER,00T23@0,0,25,-1,-1,0
500,OTHER,T35,25,1,10,0,-1,-1,SELLER,01T35@0,0,25,-1,-1,0
239,OTHER,T23,25,2,10,0,-1,-1,SELLER,00T23@0,0,25,-1,-1,0
182,OTHER,T23,25,1,10,0,-1,-1,SELLER,00T23@0,0,25,-1,-1,0
159,OTHER,T35,25,1,10,0,-1,-1,SELLER,01T35@0,0,25,-1,-1,0
598,T35,T23,25,3,28,1,-1,1,05T35@2,07T23@3,14,25,-1,-1,3
1301,T35,T23,25,5,32,22,-1,22,05T35@2,07T23@3,13,25,-1,-1,3
1299,T35,T35,25,4,17,21,-1,21,05T35@2,06T35@3,17,25,-1,-1,3
1331,T35,T22,25,1,8,23,-1,23,01T35@0,03T22@1,17,25,-1,-1,1
1328,T23,T22,25,5,1,22,-1,22,00T23@0,03T22@1,10,25,-1,-1,1
213,T23,OTHER,25,1,42,0,-1,-1,07T23@3,BUYER,0,25,-1,-1,4
517,OTHER,T23,25,4,10,0,-1,-1,SELLER,00T23@0,0,25,-1,-1,0
1398,T35,T35,25,6,16,25,-1,25,05T35@2,06T35@3,17,25,-1,-1,3
347,T35,OTHER,25,1,42,0,-1,-1,06T35@3,BUYER,0,25,-1,-1,4
300,T35,OTHER,25,3,42,0,-1,-1,06T35@3,BUYER,0,25,-1,-1,4
536,T23,OTHER,25,1,42,0,-1,-1,07T23@3,BUYER,0,25,-1,-1,4
322,T23,OTHER,25,1,42,0,-1,-1,07T23@3,BUYER,0,25,-1,-1,4
1357,T23,T22,25,4,2,23,-1,23,00T23@0,03T22@1,12,25,-1,-1,1
1362,T35,T22,25,1,8,24,-1,24,01T35@0,03T22@1,17,25,-1,-1,1
1371,T23,T22,25,1,6,24,-1,24,00T23@0,03T22@1,16,25,-1,-1,1
995,T35,T35,25,7,15,11,-1,11,05T35@2,06T35@3,17,25,-1,-1,3
507,OTHER,T23,25,2,10,0,-1,-1,SELLER,00T23@0,0,25,-1,-1,0
1376,T35,T23,25,9,32,24,-1,24,05T35@2,07T23@3,8,25,-1,-1,3
87,T23,OTHER,25,1,42,0,-1,-1,07T23@3,BUYER,0,25,-1,-1,4
1303,T23,T22,25,5,2,22,-1,22,00T23@0,03T22@1,12,25,-1,-1,1
391,T23,OTHER,25,5,42,0,-1,-1,07T23@3,BUYER,0,25,-1,-1,4
888,T35,T23,25,9,28,7,-1,7,05T35@2,07T23@3,13,25,-1,-1,3
1129,T35,T35,25,11,15,15,-1,15,05T35@2,06T35@3,17,25,-1,-1,3
251,T35,OTHER,26,2,42,0,-1,-1,06T35@3,BUYER,0,26,-1,-1,4
430,OTHER,T23,26,4,10,0,-1,-1,SELLER,00T23@0,0,26,-1,-1,0
37,T23,OTHER,26,2,42,0,-1,-1,07T23@3,BUYER,0,26,-1,-1,4
444,T35,OTHER,26,1,42,0,-1,-1,06T35@3,BUYER,0,26,-1,-1,4
1066,T35,T23,26,9,31,13,-1,13,05T35@2,07T23@3,9,26,-1,-1,3
50,T23,OTHER,26,2,42,0,-1,-1,07T23@3,BUYER,0,26,-1,-1,4
560,T35,OTHER,26,3,42,0,-1,-1,06T35@3,BUYER,0,26,-1,-1,4
61,T23,OTHER,26,2,42,0,-1,-1,07T23@3,BUYER,0,26,-1,-1,4
203,OTHER,T35,26,3,10,0,-1,-1,SELLER,01T35@0,0,26,-1,-1,0
469,OTHER,T23,26,2,10,0,-1,-1,SELLER,00T23@0,0,26,-1,-1,0
231,OTHER,T23,26,3,10,0,-1,-1,SELLER,00T23@0,0,26,-1,-1,0
194,T23,OTHER,26,1,42,0,-1,-1,07T23@3,BUYER,0,26,-1,-1,4
1372,T35,T22,26,1,8,24,-1,24,01T35@0,03T22@1,17,26,-1,-1,1
1379,T23,T22,26,2,4,24,-1,24,00T23@0,03T22@1,15,26,-1,-1,1
513,OTHER,T23,26,2,10,0,-1,-1,SELLER,00T23@0,0,26,-1,-1,0
1339,T23,T22,26,5,2,23,-1,23,00T23@0,03T22@1,11,26,-1,-1,1
1337,T23,T22,26,5,2,23,-1,23,00T23@0,03T22@1,12,26,-1,-1,1
1177,T35,T35,26,11,15,17,-1,17,05T35@2,06T35@3,17,26,-1,-1,3
274,OTHER,T35,26,1,10,0,-1,-1,SELLER,01T35@0,0,26,-1,-1,0
272,OTHER,T23,26,2,10,0,-1,-1,SELLER,00T23@0,0,26,-1,-1,0
1420,T35,T22,26,2,8,26,-1,26,01T35@0,03T22@1,17,26,-1,-1,1
1421,T35,T35,26,5,16,26,-1,26,05T35@2,06T35@3,17,26,-1,-1,3
285,T23,OTHER,26,1,42,0,-1,-1,07T23@3,BUYER,0,26,-1,-1,4
18,T23,OTHER,26,3,42,0,-1,-1,07T23@3,BUYER,0,26,-1,-1,4
1425,T35,T23,26,3,32,26,-1,26,05T35@2,07T23@3,10,26,-1,-1,3
1364,T35,T23,26,2,30,24,-1,24,05T35@2,07T23@3,14,26,-1,-1,3
350,T35,OTHER,26,3,42,0,-1,-1,06T35@3,BUYER,0,26,-1,-1,4
1237,T35,T23,26,7,25,19,-1,19,05T35@2,07T23@3,14,26,-1,-1,3
356,OTHER,T35,26,2,10,0,-1,-1,SELLER,01T35@0,0,26,-1,-1,0
365,OTHER,T35,26,1,10,0,-1,-1,SELLER,01T35@0,0,26,-1,-1,0
686,T35,T23,26,4,32,2,-1,2,05T35@2,07T23@3,9,26,-1,-1,3
1133,T35,T23,26,5,31,16,-1,16,05T35@2,07T23@3,9,26,-1,-1,3
96,OTHER,T35,27,2,10,0,-1,-1,SELLER,01T35@0,0,27,-1,-1,0
452,OTHER,T23,27,2,10,0,-1,-1,SELLER,00T23@0,0,27,-1,-1,0
1355,T35,T23,27,6,31,23,-1,23,05T35@2,07T23@3,10,27,-1,-1,3
218,OTHER,T23,27,2,10,0,-1,-1,SELLER,00T23@0,0,27,-1,-1,0
644,T35,T23,27,6,30,1,-1,1,05T35@2,07T23@3,10,27,-1,-1,3
1343,T35,T23,27,2,30,23,-1,23,05T35@2,07T23@3,13,27,-1,-1,3
192,T23,OTHER,27,2,42,0,-1,-1,07T23@3,BUYER,0,27,-1,-1,4
1212,T35,T35,27,10,15,18,-1,18,05T35@2,06T35@3,17,27,-1,-1,3
549,OTHER,T35,27,2,10,0,-1,-1,SELLER,01T35@0,0,27,-1,-1,0
352,T35,OTHER,27,2,42,0,-1,-1,06T35@3,BUYER,0,27,-1,-1,4
137,T23,OTHER,27,3,42,0,-1,-1,07T23@3,BUYER,0,27,-1,-1,4
540,T23,OTHER,27,1,42,0,-1,-1,07T23@3,BUYER,0,27,-1,-1,4
310,OTHER,T35,27,4,10,0,-1,-1,SELLER,01T35@0,0,27,-1,-1,0
138,OTHER,T23,27,1,10,0,-1,-1,SELLER,00T23@0,0,27,-1,-1,0
396,T23,OTHER,27,1,42,0,-1,-1,07T23@3,BUYER,0,27,-1,-1,4
584,T35,T35,27,11,14,1,-1,1,05T35@2,06T35@3,17,27,-1,-1,3
1332,T35,T35,27,4,17,23,-1,23,05T35@2,06T35@3,17,27,-1,-1,3
253,T23,OTHER,27,3,42,0,-1,-1,07T23@3,BUYER,0,27,-1,-1,4
228,OTHER,T35,27,2,10,0,-1,-1,SELLER,01T35@0,0,27,-1,-1,0
478,T23,OTHER,27,1,42,0,-1,-1,07T23@3,BUYER,0,27,-1,-1,4
259,T23,OTHER,27,3,42,0,-1,-1,07T23@3,BUYER,0,27,-1,-1,4
1454,T35,T23,27,2,25,27,-1,27,05T35@2,07T23@3,15,27,-1,-1,3
1080,T35,T23,27,7,28,14,-1,14,05T35@2,07T23@3,16,27,-1,-1,3
1452,T35,T35,27,5,16,27,-1,27,05T35@2,06T35@3,17,27,-1,-1,3
1450,T23,T22,27,3,2,27,-1,27,00T23@0,03T22@1,11,27,-1,-1,1
1445,T35,T35,27,6,16,27,-1,27,05T35@2,06T35@3,17,27,-1,-1,3
1053,T35,T35,27,10,17,13,-1,13,05T35@2,06T35@3,17,27,-1,-1,3
408,OTHER,T23,27,2,10,0,-1,-1,SELLER,00T23@0,0,27,-1,-1,0
458,T35,OTHER,27,4,42,0,-1,-1,06T35@3,BUYER,0,27,-1,-1,4
59,OTHER,T23,27,3,10,0,-1,-1,SELLER,00T23@0,0,27,-1,-1,0
1013,T35,T23,27,10,30,11,-1,11,05T35@2,07T23@3,11,27,-1,-1,3
1185,T22,T35,27,1,36,17,-1,17,03T22@1,05T35@2,17,-1,-1,-1,2
1377,T35,T22,27,2,8,24,-1,24,01T35@0,03T22@1,17,27,-1,-1,1
1428,T35,T23,27,10,31,26,-1,26,05T35@2,07T23@3,10,27,-1,-1,3
961,T35,T23,28,13,24,10,-1,10,05T35@2,07T23@3,15,28,-1,-1,3
1109,T35,T23,28,1,27,15,-1,15,05T35@2,07T23@3,14,28,-1,-1,3
454,T23,OTHER,28,2,42,0,-1,-1,07T23@3,BUYER,0,28,-1,-1,4
1383,T35,T22,28,2,8,24,-1,24,01T35@0,03T22@1,17,28,-1,-1,1
184,T35,OTHER,28,1,42,0,-1,-1,06T35@3,BUYER,0,28,-1,-1,4
35,T23,OTHER,28,1,42,0,-1,-1,07T23@3,BUYER,0,28,-1,-1,4
1486,T35,T23,28,7,27,28,-1,28,05T35@2,07T23@3,13,28,-1,-1,3
1479,T35,T22,28,1,8,28,-1,28,01T35@0,03T22@1,17,28,-1,-1,1
1473,T35,T35,28,5,16,28,-1,28,05T35@2,06T35@3,17,28,-1,-1,3
508,OTHER,T23,28,2,10,0,-1,-1,SELLER,00T23@0,0,28,-1,-1,0
1081,T35,T35,28,11,17,14,-1,14,05T35@2,06T35@3,17,28,-1,-1,3
516,OTHER,T35,28,1,10,0,-1,-1,SELLER,01T35@0,0,28,-1,-1,0
937,T35,T23,28,10,29,9,-1,9,05T35@2,07T23@3,12,28,-1,-1,3
152,OTHER,T35,28,2,10,0,-1,-1,SELLER,01T35@0,0,28,-1,-1,0
115,OTHER,T23,28,3,10,0,-1,-1,SELLER,00T23@0,0,28,-1,-1,0
1448,T23,T22,28,5,1,27,-1,27,00T23@0,03T22@1,7,28,-1,-1,1
1350,T22,T35,28,1,36,23,-1,23,03T22@1,05T35@2,17,-1,-1,-1,2
1490,T35,T22,28,2,8,28,-1,28,01T35@0,03T22@1,17,28,-1,-1,1
78,T23,OTHER,28,3,42,0,-1,-1,07T23@3,BUYER,0,28,-1,-1,4
1382,T23,T22,28,1,2,24,-1,24,00T23@0,03T22@1,13,28,-1,-1,1
367,T35,OTHER,28,1,42,0,-1,-1,06T35@3,BUYER,0,28,-1,-1,4
246,OTHER,T23,28,1,10,0,-1,-1,SELLER,00T23@0,0,28,-1,-1,0
252,T35,OTHER,28,2,42,0,-1,-1,06T35@3,BUYER,0,28,-1,-1,4
334,OTHER,T23,28,4,10,0,-1,-1,SELLER,00T23@0,0,28,-1,-1,0
353,T35,OTHER,28,4,42,0,-1,-1,06T35@3,BUYER,0,28,-1,-1,4
200,OTHER,T23,28,1,10,0,-1,-1,SELLER,00T23@0,0,28,-1,-1,0
264,T35,OTHER,28,4,42,0,-1,-1,06T35@3,BUYER,0,28,-1,-1,4
230,T35,OTHER,28,1,42,0,-1,-1,06T35@3,BUYER,0,28,-1,-1,4
411,OTHER,T35,28,2,10,0,-1,-1,SELLER,01T35@0,0,28,-1,-1,0
386,OTHER,T23,28,1,10,0,-1,-1,SELLER,00T23@0,0,28,-1,-1,0
392,T35,OTHER,28,1,42,0,-1,-1,06T35@3,BUYER,0,28,-1,-1,4
241,OTHER,T23,28,1,10,0,-1,-1,SELLER,00T23@0,0,28,-1,-1,0
346,OTHER,T23,28,2,10,0,-1,-1,SELLER,00T23@0,0,28,-1,-1,0
779,T35,T23,28,11,30,4,-1,4,05T35@2,07T23@3,10,28,-1,-1,3
1497,T35,T35,29,5,16,29,-1,29,05T35@2,06T35@3,17,29,-1,-1,3
662,T35,T35,29,8,14,1,-1,1,05T35@2,06T35@3,17,29,-1,-1,3
1317,T35,T35,29,7,17,22,-1,22,05T35@2,06T35@3,17,29,-1,-1,3
1494,T35,T35,29,4,17,28,-1,28,05T35@2,06T35@3,17,29,-1,-1,3
553,OTHER,T23,29,3,10,0,-1,-1,SELLER,00T23@0,0,29,-1,-1,0
1504,T35,T35,29,4,16,29,-1,29,05T35@2,06T35@3,17,29,-1,-1,3
384,T23,OTHER,29,6,42,0,-1,-1,07T23@3,BUYER,0,29,-1,-1,4
1135,T35,T35,29,11,17,16,-1,16,05T35@2,06T35@3,17,29,-1,-1,3
1515,T35,T23,29,1,31,29,-1,29,05T35@2,07T23@3,11,29,-1,-1,3
1478,T35,T23,29,1,32,28,-1,28,05T35@2,07T23@3,10,29,-1,-1,3
1475,T23,T22,29,1,1,28,-1,28,00T23@0,03T22@1,11,29,-1,-1,1
731,T35,T23,29,6,30,3,-1,3,05T35@2,07T23@3,11,29,-1,-1,3
139,OTHER,T35,29,2,10,0,-1,-1,SELLER,01T35@0,0,29,-1,-1,0
1295,T35,T23,29,9,30,21,-1,21,05T35@2,07T23@3,11,29,-1,-1,3
433,OTHER,T35,29,2,10,0,-1,-1,SELLER,01T35@0,0,29,-1,-1,0
435,T23,OTHER,29,4,42,0,-1,-1,07T23@3,BUYER,0,29,-1,-1,4
90,T23,OTHER,29,1,42,0,-1,-1,07T23@3,BUYER,0,29,-1,-1,4
79,OTHER,T35,29,1,10,0,-1,-1,SELLER,01T35@0,0,29,-1,-1,0
225,OTHER,T35,29,1,10,0,-1,-1,SELLER,01T35@0,0,29,-1,-1,0
103,T23,OTHER,29,1,42,0,-1,-1,07T23@3,BUYER,0,29,-1,-1,4
475,OTHER,T35,29,3,10,0,-1,-1,SELLER,01T35@0,0,29,-1,-1,0
107,OTHER,T23,29,2,10,0,-1,-1,SELLER,00T23@0,0,29,-1,-1,0
48,T35,OTHER,29,3,42,0,-1,-1,06T35@3,BUYER,0,29,-1,-1,4
188,T23,OTHER,29,1,42,0,-1,-1,07T23@3,BUYER,0,29,-1,-1,4
1403,T23,T22,29,1,1,25,-1,25,00T23@0,03T22@1,11,29,-1,-1,1
245,T23,OTHER,29,1,42,0,-1,-1,07T23@3,BUYER,0,29,-1,-1,4
492,OTHER,T35,29,3,10,0,-1,-1,SELLER,01T35@0,0,29,-1,-1,0
486,OTHER,T23,29,3,10,0,-1,-1,SELLER,00T23@0,0,29,-1,-1,0
1284,T35,T35,29,7,17,21,-1,21,05T35@2,06T35@3,17,29,-1,-1,3
168,T35,OTHER,29,2,42,0,-1,-1,06T35@3,BUYER,0,29,-1,-1,4
1435,T35,T35,29,4,17,26,-1,26,05T35@2,06T35@3,17,29,-1,-1,3
29,T23,OTHER,29,1,42,0,-1,-1,07T23@3,BUYER,0,29,-1,-1,4
46,OTHER,T23,30,2,10,0,-1,-1,SELLER,00T23@0,0,30,-1,-1,0
448,T23,OTHER,30,1,42,0,-1,-1,07T23@3,BUYER,0,30,-1,-1,4
214,T23,OTHER,30,1,42,0,-1,-1,07T23@3,BUYER,0,30,-1,-1,4
1531,T23,T22,30,2,3,30,-1,30,00T23@0,03T22@1,14,30,-1,-1,1
470,T23,OTHER,30,2,42,0,-1,-1,07T23@3,BUYER,0,30,-1,-1,4
372,OTHER,T23,30,1,10,0,-1,-1,SELLER,00T23@0,0,30,-1,-1,0
1534,T35,T22,30,1,8,30,-1,30,01T35@0,03T22@1,17,30,-1,-1,1
1514,T23,T22,30,2,2,29,-1,29,00T23@0,03T22@1,12,30,-1,-1,1
1545,T35,T22,30,2,8,30,-1,30,01T35@0,03T22@1,17,30,-1,-1,1
1547,T35,T22,30,2,8,30,-1,30,01T35@0,03T22@1,17,30,-1,-1,1
464,OTHER,T23,30,1,10,0,-1,-1,SELLER,00T23@0,0,30,-1,-1,0
84,T35,OTHER,30,1,42,0,-1,-1,06T35@3,BUYER,0,30,-1,-1,4
1397,T22,T35,30,1,36,25,-1,25,03T22@1,05T35@2,17,-1,-1,30,2
189,T35,OTHER,30,2,42,0,-1,-1,06T35@3,BUYER,0,30,-1,-1,4
220,OTHER,T35,30,2,10,0,-1,-1,SELLER,01T35@0,0,30,-1,-1,0
66,T35,OTHER,30,2,42,0,-1,-1,06T35@3,BUYER,0,30,-1,-1,4
510,OTHER,T23,30,5,10,0,-1,-1,SELLER,00T23@0,0,30,-1,-1,0
461,OTHER,T35,30,4,10,0,-1,-1,SELLER,01T35@0,0,30,-1,-1,0
424,T35,OTHER,30,1,42,0,-1,-1,06T35@3,BUYER,0,30,-1,-1,4
1440,T23,T22,30,3,3,26,-1,26,00T23@0,03T22@1,13,30,-1,-1,1
1511,T35,T23,30,2,32,29,-1,29,05T35@2,07T23@3,9,-1,-1,30,3
265,T35,OTHER,30,3,42,0,-1,-1,06T35@3,BUYER,0,30,-1,-1,4
1269,T22,T35,30,1,36,20,-1,20,03T22@1,05T35@2,17,-1,-1,30,2
298,T23,OTHER,30,3,42,0,-1,-1,07T23@3,BUYER,0,30,-1,-1,4
206,OTHER,T23,30,4,10,0,-1,-1,SELLER,00T23@0,0,30,-1,-1,0
1483,T23,T22,30,4,1,28,-1,28,00T23@0,03T22@1,8,30,-1,-1,1
483,T23,OTHER,30,4,42,0,-1,-1,07T23@3,BUYER,0,30,-1,-1,4
145,OTHER,T35,30,1,10,0,-1,-1,SELLER,01T35@0,0,30,-1,-1,0
1506,T23,T22,30,5,1,29,-1,29,00T23@0,03T22@1,10,30,-1,-1,1
1458,T35,T22,30,2,8,27,-1,27,01T35@0,03T22@1,17,30,-1,-1,1
370,T35,OTHER,31,2,42,0,-1,-1,06T35@3,BUYER,0,31,-1,-1,4
82,OTHER,T23,31,2,10,0,-1,-1,SELLER,00T23@0,0,31,-1,-1,0
457,OTHER,T23,31,3,10,0,-1,-1,SELLER,00T23@0,0,31,-1,-1,0
296,OTHER,T35,31,1,10,0,-1,-1,SELLER,01T35@0,0,31,-1,-1,0
257,OTHER,T23,31,3,10,0,-1,-1,SELLER,00T23@0,0,31,-1,-1,0
74,T35,OTHER,31,2,42,0,-1,-1,06T35@3,BUYER,0,31,-1,-1,4
9,OTHER,T35,31,2,10,0,-1,-1,SELLER,01T35@0,0,31,-1,-1,0
91,T23,OTHER,31,2,42,0,-1,-1,07T23@3,BUYER,0,31,-1,-1,4
494,T35,OTHER,31,1,42,0,-1,-1,06T35@3,BUYER,0,31,-1,-1,4
270,T35,OTHER,31,4,42,0,-1,-1,06T35@3,BUYER,0,31,-1,-1,4
420,OTHER,T35,31,1,10,0,-1,-1,SELLER,01T35@0,0,31,-1,-1,0
1434,T22,T35,31,1,36,26,-1,26,03T22@1,05T35@2,17,-1,-1,31,2
16,T35,OTHER,31,3,42,0,-1,-1,06T35@3,BUYER,0,31,-1,-1,4
1442,T35,T23,31,2,20,27,-1,27,05T35@2,07T23@3,17,-1,-1,31,3
1293,T22,T35,31,1,36,21,-1,21,03T22@1,05T35@2,17,-1,-1,31,2
261,T23,OTHER,31,4,42,0,-1,-1,07T23@3,BUYER,0,31,-1,-1,4
212,OTHER,T35,31,3,10,0,-1,-1,SELLER,01T35@0,0,31,-1,-1,0
143,T23,OTHER,31,1,42,0,-1,-1,07T23@3,BUYER,0,31,-1,-1,4
1516,T35,T22,31,1,8,29,-1,29,01T35@0,03T22@1,17,31,-1,-1,1
442,OTHER,T35,31,3,10,0,-1,-1,SELLER,01T35@0,0,31,-1,-1,0
129,T35,OTHER,31,1,42,0,-1,-1,06T35@3,BUYER,0,31,-1,-1,4
1553,T35,T22,31,2,8,31,-1,31,01T35@0,03T22@1,17,31,-1,-1,1
1488,T23,T22,31,5,2,28,-1,28,00T23@0,03T22@1,11,31,-1,-1,1
329,OTHER,T23,31,2,10,0,-1,-1,SELLER,00T23@0,0,31,-1,-1,0
1,T35,OTHER,32,4,42,0,-1,-1,06T35@3,BUYER,0,32,-1,-1,4
100,OTHER,T23,32,2,10,0,-1,-1,SELLER,00T23@0,0,32,-1,-1,0
546,OTHER,T35,32,2,10,0,-1,-1,SELLER,01T35@0,0,32,-1,-1,0
548,OTHER,T35,32,3,10,0,-1,-1,SELLER,01T35@0,0,32,-1,-1,0
361,OTHER,T35,32,1,10,0,-1,-1,SELLER,01T35@0,0,32,-1,-1,0
355,T23,OTHER,32,1,42,0,-1,-1,07T23@3,BUYER,0,32,-1,-1,4
288,T23,OTHER,32,2,42,0,-1,-1,07T23@3,BUYER,0,32,-1,-1,4
281,OTHER,T23,32,2,10,0,-1,-1,SELLER,00T23@0,0,32,-1,-1,0
62,OTHER,T35,32,4,10,0,-1,-1,SELLER,01T35@0,0,32,-1,-1,0
297,OTHER,T35,32,2,10,0,-1,-1,SELLER,01T35@0,0,32,-1,-1,0
1462,T22,T35,32,1,36,27,-1,27,03T22@1,05T35@2,17,-1,-1,32,2
23,T23,OTHER,32,2,42,0,-1,-1,07T23@3,BUYER,0,32,-1,-1,4
105,T23,OTHER,32,2,42,0,-1,-1,07T23@3,BUYER,0,32,-1,-1,4
32,T23,OTHER,32,4,42,0,-1,-1,07T23@3,BUYER,0,32,-1,-1,4
28,T35,OTHER,32,4,42,0,-1,-1,06T35@3,BUYER,0,32,-1,-1,4
1580,T35,T22,32,2,8,32,-1,32,01T35@0,03T22@1,17,32,-1,-1,1
313,T23,OTHER,32,1,42,0,-1,-1,07T23@3,BUYER,0,32,-1,-1,4
318,OTHER,T23,32,4,10,0,-1,-1,SELLER,00T23@0,0,32,-1,-1,0
1307,T22,T35,32,1,36,22,-1,22,03T22@1,05T35@2,17,-1,-1,32,2
652,T23,OTHER,33,2,42,1,-1,-1,07T23@3,BUYER,0,33,-1,-1,4
575,T35,OTHER,33,2,42,1,-1,-1,06T35@3,BUYER,0,33,-1,-1,4
665,OTHER,T35,33,1,10,1,-1,-1,SELLER,01T35@0,0,33,-1,-1,0
659,T35,OTHER,33,3,42,1,-1,-1,06T35@3,BUYER,0,33,-1,-1,4
592,T23,OTHER,33,3,42,1,-1,-1,07T23@3,BUYER,0,33,-1,-1,4
616,T35,OTHER,33,1,42,1,-1,-1,06T35@3,BUYER,0,33,-1,-1,4
583,T23,OTHER,33,3,42,1,-1,-1,07T23@3,BUYER,0,33,-1,-1,4
658,OTHER,T35,33,3,10,1,-1,-1,SELLER,01T35@0,0,33,-1,-1,0
663,OTHER,T23,33,2,10,1,-1,-1,SELLER,00T23@0,0,33,-1,-1,0
643,OTHER,T35,33,2,10,1,-1,-1,SELLER,01T35@0,0,33,-1,-1,0
1608,T35,T22,33,2,8,33,-1,33,01T35@0,03T22@1,17,33,-1,-1,1
645,T35,OTHER,33,3,42,1,-1,-1,06T35@3,BUYER,0,33,-1,-1,4
656,OTHER,T23,33,2,10,1,-1,-1,SELLER,00T23@0,0,33,-1,-1,0
629,OTHER,T23,33,4,10,1,-1,-1,SELLER,00T23@0,0,33,-1,-1,0
607,T35,OTHER,33,1,42,1,-1,-1,06T35@3,BUYER,0,33,-1,-1,4
602,OTHER,T35,33,4,10,1,-1,-1,SELLER,01T35@0,0,33,-1,-1,0
568,OTHER,T35,33,2,10,1,-1,-1,SELLER,01T35@0,0,33,-1,-1,0
650,T23,OTHER,33,2,42,1,-1,-1,07T23@3,BUYER,0,33,-1,-1,4
1527,T23,T22,33,2,3,30,-1,30,00T23@0,03T22@1,14,33,-1,-1,1
1513,T23,T22,33,5,2,29,-1,29,00T23@0,03T22@1,16,33,-1,-1,1
1487,T22,T35,33,1,36,28,-1,28,03T22@1,05T35@2,17,-1,-1,33,2
1535,T23,T22,33,3,1,30,-1,30,00T23@0,03T22@1,12,33,-1,-1,1
1604,T23,T22,33,4,1,33,-1,33,00T23@0,03T22@1,13,33,-1,-1,1
1550,T23,T22,34,2,3,31,-1,31,00T23@0,03T22@1,13,34,-1,-1,1
1566,T23,T22,34,5,2,31,-1,31,00T23@0,03T22@1,11,34,-1,-1,1
1509,T22,T35,34,1,36,29,-1,29,03T22@1,05T35@2,17,-1,-1,34,2
705,T35,OTHER,34,2,42,2,-1,-1,06T35@3,BUYER,0,34,-1,-1,4
725,OTHER,T35,34,1,10,2,-1,-1,SELLER,01T35@0,0,34,-1,-1,0
724,T23,OTHER,34,3,42,2,-1,-1,07T23@3,BUYER,0,34,-1,-1,4
1630,T35,T22,34,1,8,34,-1,34,01T35@0,03T22@1,17,34,-1,-1,1
681,OTHER,T23,34,2,10,2,-1,-1,SELLER,00T23@0,0,34,-1,-1,0
683,T23,OTHER,34,2,42,2,-1,-1,07T23@3,BUYER,0,34,-1,-1,4
667,T35,OTHER,34,3,42,2,-1,-1,06T35@3,BUYER,0,34,-1,-1,4
1616,T35,T22,34,2,8,34,-1,34,01T35@0,03T22@1,17,34,-1,-1,1
690,T23,OTHER,34,2,42,2,-1,-1,07T23@3,BUYER,0,34,-1,-1,4
692,T35,OTHER,34,2,42,2,-1,-1,06T35@3,BUYER,0,34,-1,-1,4
1628,T23,T22,34,3,2,34,-1,34,00T23@0,03T22@1,11,34,-1,-1,1
715,T23,OTHER,34,1,42,2,-1,-1,07T23@3,BUYER,0,34,-1,-1,4
669,OTHER,T23,34,5,10,2,-1,-1,SELLER,00T23@0,0,34,-1,-1,0
694,T35,OTHER,34,2,42,2,-1,-1,06T35@3,BUYER,0,34,-1,-1,4
711,OTHER,T35,34,5,10,2,-1,-1,SELLER,01T35@0,0,34,-1,-1,0
697,T23,OTHER,34,3,42,2,-1,-1,07T23@3,BUYER,0,34,-1,-1,4
704,OTHER,T23,34,3,10,2,-1,-1,SELLER,00T23@0,0,34,-1,-1,0
670,OTHER,T23,34,2,10,2,-1,-1,SELLER,00T23@0,0,34,-1,-1,0
1359,T22,T35,34,1,36,24,-1,24,03T22@1,05T35@2,17,-1,-1,34,2
682,OTHER,T35,34,2,10,2,-1,-1,SELLER,01T35@0,0,34,-1,-1,0
754,T23,OTHER,35,2,42,3,-1,-1,07T23@3,BUYER,0,35,-1,-1,4
756,OTHER,T23,35,1,10,3,-1,-1,SELLER,00T23@0,0,35,-1,-1,0
745,T23,OTHER,35,2,42,3,-1,-1,07T23@3,BUYER,0,35,-1,-1,4
757,OTHER,T23,35,3,10,3,-1,-1,SELLER,00T23@0,0,35,-1,-1,0
758,OTHER,T35,35,2,10,3,-1,-1,SELLER,01T35@0,0,35,-1,-1,0
1581,T23,T22,35,5,2,32,-1,32,00T23@0,03T22@1,11,35,-1,-1,1
759,T35,OTHER,35,2,42,3,-1,-1,06T35@3,BUYER,0,35,-1,-1,4
749,OTHER,T35,35,1,10,3,-1,-1,SELLER,01T35@0,0,35,-1,-1,0
750,T23,OTHER,35,3,42,3,-1,-1,07T23@3,BUYER,0,35,-1,-1,4
1607,T35,T22,35,1,8,33,-1,33,01T35@0,03T22@1,17,35,-1,-1,1
1650,T23,T22,35,3,2,35,-1,35,00T23@0,03T22@1,11,35,-1,-1,1
748,OTHER,T23,35,1,10,3,-1,-1,SELLER,00T23@0,0,35,-1,-1,0
744,T35,OTHER,35,2,42,3,-1,-1,06T35@3,BUYER,0,35,-1,-1,4
752,OTHER,T35,35,1,10,3,-1,-1,SELLER,01T35@0,0,35,-1,-1,0
740,T35,OTHER,35,2,42,3,-1,-1,06T35@3,BUYER,0,35,-1,-1,4
739,T23,OTHER,35,4,42,3,-1,-1,07T23@3,BUYER,0,35,-1,-1,4
738,OTHER,T35,35,5,10,3,-1,-1,SELLER,01T35@0,0,35,-1,-1,0
736,OTHER,T23,35,2,10,3,-1,-1,SELLER,00T23@0,0,35,-1,-1,0
730,OTHER,T23,35,2,10,3,-1,-1,SELLER,00T23@0,0,35,-1,-1,0
743,OTHER,T35,35,2,10,3,-1,-1,SELLER,01T35@0,0,35,-1,-1,0
728,T35,OTHER,35,1,42,3,-1,-1,06T35@3,BUYER,0,35,-1,-1,4
726,T35,OTHER,35,2,42,3,-1,-1,06T35@3,BUYER,0,35,-1,-1,4
762,T23,OTHER,36,2,42,4,-1,-1,07T23@3,BUYER,0,36,-1,-1,4
1572,T23,T22,36,4,4,32,-1,32,00T23@0,03T22@1,15,36,-1,-1,1
764,OTHER,T35,36,2,10,4,-1,-1,SELLER,01T35@0,0,36,-1,-1,0
766,T35,OTHER,36,2,42,4,-1,-1,06T35@3,BUYER,0,36,-1,-1,4
767,T23,OTHER,36,3,42,4,-1,-1,07T23@3,BUYER,0,36,-1,-1,4
768,OTHER,T35,36,2,10,4,-1,-1,SELLER,01T35@0,0,36,-1,-1,0
769,OTHER,T23,36,3,10,4,-1,-1,SELLER,00T23@0,0,36,-1,-1,0
774,T35,OTHER,36,1,42,4,-1,-1,06T35@3,BUYER,0,36,-1,-1,4
775,T35,OTHER,36,2,42,4,-1,-1,06T35@3,BUYER,0,36,-1,-1,4
777,T23,OTHER,36,1,42,4,-1,-1,07T23@3,BUYER,0,36,-1,-1,4
781,OTHER,T35,36,1,10,4,-1,-1,SELLER,01T35@0,0,36,-1,-1,0
784,OTHER,T23,36,4,10,4,-1,-1,SELLER,00T23@0,0,36,-1,-1,0
785,OTHER,T23,36,3,10,4,-1,-1,SELLER,00T23@0,0,36,-1,-1,0
793,OTHER,T35,36,3,10,4,-1,-1,SELLER,01T35@0,0,36,-1,-1,0
786,OTHER,T23,36,1,10,4,-1,-1,SELLER,00T23@0,0,36,-1,-1,0
791,OTHER,T23,36,1,10,4,-1,-1,SELLER,00T23@0,0,36,-1,-1,0
789,T23,OTHER,36,3,42,4,-1,-1,07T23@3,BUYER,0,36,-1,-1,4
761,T35,OTHER,36,4,42,4,-1,-1,06T35@3,BUYER,0,36,-1,-1,4
1654,T23,T22,36,4,2,35,-1,35,00T23@0,03T22@1,11,36,-1,-1,1
788,T23,OTHER,36,2,42,4,-1,-1,07T23@3,BUYER,0,36,-1,-1,4
1670,T23,T22,36,4,1,36,-1,36,00T23@0,03T22@1,13,36,-1,-1,1
1676,T35,T22,36,2,8,36,-1,36,01T35@0,03T22@1,17,36,-1,-1,1
1673,T35,T22,36,1,8,36,-1,36,01T35@0,03T22@1,17,36,-1,-1,1
826,OTHER,T35,37,2,10,5,-1,-1,SELLER,01T35@0,0,37,-1,-1,0
802,T35,OTHER,37,1,42,5,-1,-1,06T35@3,BUYER,0,37,-1,-1,4
795,T35,OTHER,37,3,42,5,-1,-1,06T35@3,BUYER,0,37,-1,-1,4
1591,T23,T22,37,4,4,33,-1,33,00T23@0,03T22@1,15,37,-1,-1,1
824,T35,OTHER,37,4,42,5,-1,-1,06T35@3,BUYER,0,37,-1,-1,4
809,OTHER,T23,37,1,10,5,-1,-1,SELLER,00T23@0,0,37,-1,-1,0
804,T35,OTHER,37,1,42,5,-1,-1,06T35@3,BUYER,0,37,-1,-1,4
798,T23,OTHER,37,4,42,5,-1,-1,07T23@3,BUYER,0,37,-1,-1,4
810,OTHER,T23,37,2,10,5,-1,-1,SELLER,00T23@0,0,37,-1,-1,0
806,OTHER,T35,37,3,10,5,-1,-1,SELLER,01T35@0,0,37,-1,-1,0
817,T23,OTHER,37,2,42,5,-1,-1,07T23@3,BUYER,0,37,-1,-1,4
794,T23,OTHER,37,1,42,5,-1,-1,07T23@3,BUYER,0,37,-1,-1,4
822,T35,OTHER,37,1,42,5,-1,-1,06T35@3,BUYER,0,37,-1,-1,4
805,OTHER,T35,37,3,10,5,-1,-1,SELLER,01T35@0,0,37,-1,-1,0
815,OTHER,T23,37,2,10,5,-1,-1,SELLER,00T23@0,0,37,-1,-1,0
818,T35,OTHER,37,3,42,5,-1,-1,06T35@3,BUYER,0,37,-1,-1,4
812,OTHER,T23,37,2,10,5,-1,-1,SELLER,00T23@0,0,37,-1,-1,0
807,OTHER,T35,37,2,10,5,-1,-1,SELLER,01T35@0,0,37,-1,-1,0
808,OTHER,T35,37,3,10,5,-1,-1,SELLER,01T35@0,0,37,-1,-1,0
849,OTHER,T23,38,3,10,6,-1,-1,SELLER,00T23@0,0,38,-1,-1,0
855,T35,OTHER,38,3,42,6,-1,-1,06T35@3,BUYER,0,38,-1,-1,4
850,T23,OTHER,38,2,42,6,-1,-1,07T23@3,BUYER,0,38,-1,-1,4
857,OTHER,T23,38,2,10,6,-1,-1,SELLER,00T23@0,0,38,-1,-1,0
853,T23,OTHER,38,3,42,6,-1,-1,07T23@3,BUYER,0,38,-1,-1,4
1699,T23,T22,38,5,2,37,-1,37,00T23@0,03T22@1,13,38,-1,-1,1
848,T35,OTHER,38,2,42,6,-1,-1,06T35@3,BUYER,0,38,-1,-1,4
829,OTHER,T23,38,2,10,6,-1,-1,SELLER,00T23@0,0,38,-1,-1,0
842,T23,OTHER,38,4,42,6,-1,-1,07T23@3,BUYER,0,38,-1,-1,4
830,T23,OTHER,38,1,42,6,-1,-1,07T23@3,BUYER,0,38,-1,-1,4
1639,T35,T22,38,2,8,35,-1,35,01T35@0,03T22@1,17,38,-1,-1,1
832,OTHER,T35,38,2,10,6,-1,-1,SELLER,01T35@0,0,38,-1,-1,0
835,OTHER,T35,38,2,10,6,-1,-1,SELLER,01T35@0,0,38,-1,-1,0
836,OTHER,T35,38,2,10,6,-1,-1,SELLER,01T35@0,0,38,-1,-1,0
841,T35,OTHER,38,2,42,6,-1,-1,06T35@3,BUYER,0,38,-1,-1,4
1622,T23,T22,38,3,5,34,-1,34,00T23@0,03T22@1,15,38,-1,-1,1
847,T35,OTHER,38,1,42,6,-1,-1,06T35@3,BUYER,0,38,-1,-1,4
843,T35,OTHER,38,2,42,6,-1,-1,06T35@3,BUYER,0,38,-1,-1,4
859,OTHER,T35,38,4,10,6,-1,-1,SELLER,01T35@0,0,38,-1,-1,0
844,OTHER,T23,38,2,10,6,-1,-1,SELLER,00T23@0,0,38,-1,-1,0
1693,T35,T22,38,1,8,37,-1,37,01T35@0,03T22@1,17,38,-1,-1,1
846,OTHER,T35,38,1,10,6,-1,-1,SELLER,01T35@0,0,38,-1,-1,0
1681,T23,T22,38,3,2,37,-1,37,00T23@0,03T22@1,11,38,-1,-1,1
865,T35,OTHER,39,3,42,7,-1,-1,06T35@3,BUYER,0,39,-1,-1,4
860,T35,OTHER,39,2,42,7,-1,-1,06T35@3,BUYER,0,39,-1,-1,4
861,T23,OTHER,39,2,42,7,-1,-1,07T23@3,BUYER,0,39,-1,-1,4
879,T35,OTHER,39,3,42,7,-1,-1,06T35@3,BUYER,0,39,-1,-1,4
884,OTHER,T23,39,1,10,7,-1,-1,SELLER,00T23@0,0,39,-1,-1,0
883,OTHER,T35,39,1,10,7,-1,-1,SELLER,01T35@0,0,39,-1,-1,0
876,OTHER,T35,39,3,10,7,-1,-1,SELLER,01T35@0,0,39,-1,-1,0
873,OTHER,T35,39,1,10,7,-1,-1,SELLER,01T35@0,0,39,-1,-1,0
881,T23,OTHER,39,3,42,7,-1,-1,07T23@3,BUYER,0,39,-1,-1,4
874,T23,OTHER,39,3,42,7,-1,-1,07T23@3,BUYER,0,39,-1,-1,4
891,T35,OTHER,39,1,42,7,-1,-1,06T35@3,BUYER,0,39,-1,-1,4
880,OTHER,T35,39,1,10,7,-1,-1,SELLER,01T35@0,0,39,-1,-1,0
868,T23,OTHER,39,2,42,7,-1,-1,07T23@3,BUYER,0,39,-1,-1,4
866,OTHER,T23,39,7,10,7,-1,-1,SELLER,00T23@0,0,39,-1,-1,0
863,T23,OTHER,39,1,42,7,-1,-1,07T23@3,BUYER,0,39,-1,-1,4
867,OTHER,T35,39,4,10,7,-1,-1,SELLER,01T35@0,0,39,-1,-1,0
872,OTHER,T23,39,1,10,7,-1,-1,SELLER,00T23@0,0,39,-1,-1,0
1648,T35,T22,39,2,8,35,-1,35,01T35@0,03T22@1,17,39,-1,-1,1
870,OTHER,T23,39,1,10,7,-1,-1,SELLER,00T23@0,0,39,-1,-1,0
909,T23,OTHER,40,1,42,8,-1,-1,07T23@3,BUYER,0,40,-1,-1,4
1668,T23,T22,40,4,5,36,-1,36,00T23@0,03T22@1,15,40,-1,-1,1
907,OTHER,T35,40,1,10,8,-1,-1,SELLER,01T35@0,0,40,-1,-1,0
923,T35,OTHER,40,2,42,8,-1,-1,06T35@3,BUYER,0,40,-1,-1,4
893,OTHER,T35,40,4,10,8,-1,-1,SELLER,01T35@0,0,40,-1,-1,0
894,T23,OTHER,40,4,42,8,-1,-1,07T23@3,BUYER,0,40,-1,-1,4
897,OTHER,T23,40,3,10,8,-1,-1,SELLER,00T23@0,0,40,-1,-1,0
898,T35,OTHER,40,2,42,8,-1,-1,06T35@3,BUYER,0,40,-1,-1,4
899,T23,OTHER,40,2,42,8,-1,-1,07T23@3,BUYER,0,40,-1,-1,4
896,OTHER,T23,40,1,10,8,-1,-1,SELLER,00T23@0,0,40,-1,-1,0
901,OTHER,T35,40,1,10,8,-1,-1,SELLER,01T35@0,0,40,-1,-1,0
922,T35,OTHER,40,1,42,8,-1,-1,06T35@3,BUYER,0,40,-1,-1,4
917,T23,OTHER,40,2,42,8,-1,-1,07T23@3,BUYER,0,40,-1,-1,4
914,OTHER,T23,40,1,10,8,-1,-1,SELLER,00T23@0,0,40,-1,-1,0
912,T35,OTHER,40,3,42,8,-1,-1,06T35@3,BUYER,0,40,-1,-1,4
902,OTHER,T35,40,3,10,8,-1,-1,SELLER,01T35@0,0,40,-1,-1,0
900,OTHER,T23,40,5,10,8,-1,-1,SELLER,00T23@0,0,40,-1,-1,0
903,T23,OTHER,40,2,42,8,-1,-1,07T23@3,BUYER,0,40,-1,-1,4
911,T23,OTHER,40,1,42,8,-1,-1,07T23@3,BUYER,0,40,-1,-1,4
910,OTHER,T23,40,1,10,8,-1,-1,SELLER,00T23@0,0,40,-1,-1,0
952,T23,OTHER,41,3,42,9,-1,-1,07T23@3,BUYER,0,41,-1,-1,4
953,T35,OTHER,41,1,42,9,-1,-1,06T35@3,BUYER,0,41,-1,-1,4
954,OTHER,T35,41,2,10,9,-1,-1,SELLER,01T35@0,0,41,-1,-1,0
1713,T35,T22,41,2,8,38,-1,38,01T35@0,03T22@1,17,41,-1,-1,1
1724,T23,T22,41,4,1,39,-1,39,00T23@0,03T22@1,15,41,-1,-1,1
950,T23,OTHER,41,2,42,9,-1,-1,07T23@3,BUYER,0,41,-1,-1,4
1701,T23,T22,41,2,3,38,-1,38,00T23@0,03T22@1,13,41,-1,-1,1
949,OTHER,T23,41,6,10,9,-1,-1,SELLER,00T23@0,0,41,-1,-1,0
930,OTHER,T35,41,1,10,9,-1,-1,SELLER,01T35@0,0,41,-1,-1,0
943,T23,OTHER,41,3,42,9,-1,-1,07T23@3,BUYER,0,41,-1,-1,4
939,OTHER,T35,41,4,10,9,-1,-1,SELLER,01T35@0,0,41,-1,-1,0
938,OTHER,T35,41,1,10,9,-1,-1,SELLER,01T35@0,0,41,-1,-1,0
936,T23,OTHER,41,3,42,9,-1,-1,07T23@3,BUYER,0,41,-1,-1,4
935,OTHER,T23,41,1,10,9,-1,-1,SELLER,00T23@0,0,41,-1,-1,0
932,T35,OTHER,41,3,42,9,-1,-1,06T35@3,BUYER,0,41,-1,-1,4
931,OTHER,T23,41,2,10,9,-1,-1,SELLER,00T23@0,0,41,-1,-1,0
929,T35,OTHER,41,2,42,9,-1,-1,06T35@3,BUYER,0,41,-1,-1,4
928,OTHER,T35,41,2,10,9,-1,-1,SELLER,01T35@0,0,41,-1,-1,0
926,T23,OTHER,41,2,42,9,-1,-1,07T23@3,BUYER,0,41,-1,-1,4
944,T35,OTHER,41,1,42,9,-1,-1,06T35@3,BUYER,0,41,-1,-1,4
933,OTHER,T23,41,1,10,9,-1,-1,SELLER,00T23@0,0,41,-1,-1,0
965,OTHER,T35,42,2,10,10,-1,-1,SELLER,01T35@0,0,42,-1,-1,0
1711,T23,T22,42,1,1,38,-1,38,00T23@0,03T22@1,10,42,-1,-1,1
983,T23,OTHER,42,1,42,10,-1,-1,07T23@3,BUYER,0,42,-1,-1,4
982,T35,OTHER,42,1,42,10,-1,-1,06T35@3,BUYER,0,42,-1,-1,4
981,OTHER,T23,42,2,10,10,-1,-1,SELLER,00T23@0,0,42,-1,-1,0
977,T35,OTHER,42,2,42,10,-1,-1,06T35@3,BUYER,0,42,-1,-1,4
976,T23,OTHER,42,3,42,10,-1,-1,07T23@3,BUYER,0,42,-1,-1,4
974,OTHER,T35,42,1,10,10,-1,-1,SELLER,01T35@0,0,42,-1,-1,0
973,OTHER,T23,42,3,10,10,-1,-1,SELLER,00T23@0,0,42,-1,-1,0
969,OTHER,T23,42,1,10,10,-1,-1,SELLER,00T23@0,0,42,-1,-1,0
967,T35,OTHER,42,3,42,10,-1,-1,06T35@3,BUYER,0,42,-1,-1,4
978,T23,OTHER,42,3,42,10,-1,-1,07T23@3,BUYER,0,42,-1,-1,4
963,OTHER,T35,42,2,10,10,-1,-1,SELLER,01T35@0,0,42,-1,-1,0
966,OTHER,T35,42,3,10,10,-1,-1,SELLER,01T35@0,0,42,-1,-1,0
955,OTHER,T23,42,2,10,10,-1,-1,SELLER,00T23@0,0,42,-1,-1,0
956,OTHER,T35,42,2,10,10,-1,-1,SELLER,01T35@0,0,42,-1,-1,0
957,T35,OTHER,42,2,42,10,-1,-1,06T35@3,BUYER,0,42,-1,-1,4
1705,T35,T22,42,2,8,38,-1,38,01T35@0,03T22@1,17,42,-1,-1,1
958,T23,OTHER,42,2,42,10,-1,-1,07T23@3,BUYER,0,42,-1,-1,4
1793,T23,T22,42,1,1,42,-1,42,00T23@0,03T22@1,11,42,-1,-1,1
960,T23,OTHER,42,3,42,10,-1,-1,07T23@3,BUYER,0,42,-1,-1,4
962,OTHER,T35,42,2,10,10,-1,-1,SELLER,01T35@0,0,42,-1,-1,0
1000,T35,OTHER,43,2,42,11,-1,-1,06T35@3,BUYER,0,43,-1,-1,4
999,T35,OTHER,43,2,42,11,-1,-1,06T35@3,BUYER,0,43,-1,-1,4
997,T35,OTHER,43,1,42,11,-1,-1,06T35@3,BUYER,0,43,-1,-1,4
996,T35,OTHER,43,3,42,11,-1,-1,06T35@3,BUYER,0,43,-1,-1,4
994,OTHER,T35,43,2,10,11,-1,-1,SELLER,01T35@0,0,43,-1,-1,0
991,T23,OTHER,43,1,42,11,-1,-1,07T23@3,BUYER,0,43,-1,-1,4
1001,OTHER,T35,43,2,10,11,-1,-1,SELLER,01T35@0,0,43,-1,-1,0
989,OTHER,T23,43,3,10,11,-1,-1,SELLER,00T23@0,0,43,-1,-1,0
987,OTHER,T35,43,2,10,11,-1,-1,SELLER,01T35@0,0,43,-1,-1,0
985,T23,OTHER,43,1,42,11,-1,-1,07T23@3,BUYER,0,43,-1,-1,4
984,T23,OTHER,43,1,42,11,-1,-1,07T23@3,BUYER,0,43,-1,-1,4
993,OTHER,T23,43,2,10,11,-1,-1,SELLER,00T23@0,0,43,-1,-1,0
986,OTHER,T23,43,2,10,11,-1,-1,SELLER,00T23@0,0,43,-1,-1,0
1005,T23,OTHER,43,3,42,11,-1,-1,07T23@3,BUYER,0,43,-1,-1,4
1007,T35,OTHER,43,3,42,11,-1,-1,06T35@3,BUYER,0,43,-1,-1,4
1761,T23,T22,43,2,3,41,-1,41,00T23@0,03T22@1,16,43,-1,-1,1
1813,T35,T22,43,2,8,43,-1,43,01T35@0,03T22@1,17,43,-1,-1,1
1003,OTHER,T23,43,2,10,11,-1,-1,SELLER,00T23@0,0,43,-1,-1,0
1723,T35,T22,43,2,8,39,-1,39,01T35@0,03T22@1,17,43,-1,-1,1
1009,OTHER,T23,43,1,10,11,-1,-1,SELLER,00T23@0,0,43,-1,-1,0
1011,OTHER,T35,43,4,10,11,-1,-1,SELLER,01T35@0,0,43,-1,-1,0
1014,T23,OTHER,43,3,42,11,-1,-1,07T23@3,BUYER,0,43,-1,-1,4
1020,T23,OTHER,44,1,42,12,-1,-1,07T23@3,BUYER,0,44,-1,-1,4
1742,T23,T22,44,4,4,40,-1,40,00T23@0,03T22@1,15,44,-1,-1,1
1758,T35,T22,44,2,8,40,-1,40,01T35@0,03T22@1,17,44,-1,-1,1
1837,T35,T22,44,2,8,44,-1,44,01T35@0,03T22@1,17,44,-1,-1,1
1839,T35,T22,44,2,8,44,-1,44,01T35@0,03T22@1,17,44,-1,-1,1
1043,OTHER,T35,44,1,10,12,-1,-1,SELLER,01T35@0,0,44,-1,-1,0
1042,OTHER,T35,44,4,10,12,-1,-1,SELLER,01T35@0,0,44,-1,-1,0
1041,T35,OTHER,44,2,42,12,-1,-1,06T35@3,BUYER,0,44,-1,-1,4
1039,T35,OTHER,44,2,42,12,-1,-1,06T35@3,BUYER,0,44,-1,-1,4
1018,OTHER,T23,44,1,10,12,-1,-1,SELLER,00T23@0,0,44,-1,-1,0
1037,T23,OTHER,44,2,42,12,-1,-1,07T23@3,BUYER,0,44,-1,-1,4
1031,T35,OTHER,44,3,42,12,-1,-1,06T35@3,BUYER,0,44,-1,-1,4
1029,T23,OTHER,44,2,42,12,-1,-1,07T23@3,BUYER,0,44,-1,-1,4
1028,T23,OTHER,44,3,42,12,-1,-1,07T23@3,BUYER,0,44,-1,-1,4
1027,OTHER,T23,44,2,10,12,-1,-1,SELLER,00T23@0,0,44,-1,-1,0
1026,OTHER,T23,44,3,10,12,-1,-1,SELLER,00T23@0,0,44,-1,-1,0
1025,OTHER,T35,44,2,10,12,-1,-1,SELLER,01T35@0,0,44,-1,-1,0
1024,OTHER,T35,44,3,10,12,-1,-1,SELLER,01T35@0,0,44,-1,-1,0
1023,OTHER,T23,44,2,10,12,-1,-1,SELLER,00T23@0,0,44,-1,-1,0
1022,OTHER,T35,44,1,10,12,-1,-1,SELLER,01T35@0,0,44,-1,-1,0
1021,OTHER,T23,44,1,10,12,-1,-1,SELLER,00T23@0,0,44,-1,-1,0
1035,T23,OTHER,44,2,42,12,-1,-1,07T23@3,BUYER,0,44,-1,-1,4
1034,T35,OTHER,44,3,42,12,-1,-1,06T35@3,BUYER,0,44,-1,-1,4
1858,T35,T22,45,2,8,45,-1,45,01T35@0,03T22@1,17,45,-1,-1,1
1764,T35,T22,45,2,8,41,-1,41,01T35@0,03T22@1,17,45,-1,-1,1
1065,OTHER,T35,45,2,10,13,-1,-1,SELLER,01T35@0,0,45,-1,-1,0
1069,OTHER,T23,45,1,10,13,-1,-1,SELLER,00T23@0,0,45,-1,-1,0
1062,OTHER,T35,45,1,10,13,-1,-1,SELLER,01T35@0,0,45,-1,-1,0
1064,OTHER,T23,45,2,10,13,-1,-1,SELLER,00T23@0,0,45,-1,-1,0
1068,T23,OTHER,45,5,42,13,-1,-1,07T23@3,BUYER,0,45,-1,-1,4
1072,T35,OTHER,45,3,42,13,-1,-1,06T35@3,BUYER,0,45,-1,-1,4
1073,T23,OTHER,45,2,42,13,-1,-1,07T23@3,BUYER,0,45,-1,-1,4
1055,OTHER,T35,45,4,10,13,-1,-1,SELLER,01T35@0,0,45,-1,-1,0
1074,T35,OTHER,45,1,42,13,-1,-1,06T35@3,BUYER,0,45,-1,-1,4
1061,OTHER,T35,45,1,10,13,-1,-1,SELLER,01T35@0,0,45,-1,-1,0
1045,OTHER,T35,45,2,10,13,-1,-1,SELLER,01T35@0,0,45,-1,-1,0
1058,OTHER,T23,45,2,10,13,-1,-1,SELLER,00T23@0,0,45,-1,-1,0
1054,OTHER,T35,45,1,10,13,-1,-1,SELLER,01T35@0,0,45,-1,-1,0
1048,OTHER,T35,45,3,10,13,-1,-1,SELLER,01T35@0,0,45,-1,-1,0
1049,T35,OTHER,45,4,42,13,-1,-1,06T35@3,BUYER,0,45,-1,-1,4
1050,T35,OTHER,45,2,42,13,-1,-1,06T35@3,BUYER,0,45,-1,-1,4
1047,T23,OTHER,45,1,42,13,-1,-1,07T23@3,BUYER,0,45,-1,-1,4
1051,T35,OTHER,45,2,42,13,-1,-1,06T35@3,BUYER,0,45,-1,-1,4
1046,OTHER,T35,45,1,10,13,-1,-1,SELLER,01T35@0,0,45,-1,-1,0
1100,T35,OTHER,46,2,42,14,-1,-1,06T35@3,BUYER,0,46,-1,-1,4
1075,T35,OTHER,46,2,42,14,-1,-1,06T35@3,BUYER,0,46,-1,-1,4
1076,T23,OTHER,46,1,42,14,-1,-1,07T23@3,BUYER,0,46,-1,-1,4
1077,OTHER,T23,46,4,10,14,-1,-1,SELLER,00T23@0,0,46,-1,-1,0
1098,OTHER,T23,46,2,10,14,-1,-1,SELLER,00T23@0,0,46,-1,-1,0
1078,T35,OTHER,46,2,42,14,-1,-1,06T35@3,BUYER,0,46,-1,-1,4
1083,T35,OTHER,46,5,42,14,-1,-1,06T35@3,BUYER,0,46,-1,-1,4
1084,T35,OTHER,46,1,42,14,-1,-1,06T35@3,BUYER,0,46,-1,-1,4
1088,OTHER,T35,46,1,10,14,-1,-1,SELLER,01T35@0,0,46,-1,-1,0
1089,T23,OTHER,46,4,42,14,-1,-1,07T23@3,BUYER,0,46,-1,-1,4
1099,OTHER,T35,46,4,10,14,-1,-1,SELLER,01T35@0,0,46,-1,-1,0
1091,T23,OTHER,46,1,42,14,-1,-1,07T23@3,BUYER,0,46,-1,-1,4
1092,OTHER,T23,46,1,10,14,-1,-1,SELLER,00T23@0,0,46,-1,-1,0
1095,OTHER,T23,46,1,10,14,-1,-1,SELLER,00T23@0,0,46,-1,-1,0
1096,T23,OTHER,46,2,42,14,-1,-1,07T23@3,BUYER,0,46,-1,-1,4
1097,OTHER,T23,46,2,10,14,-1,-1,SELLER,00T23@0,0,46,-1,-1,0
1079,OTHER,T23,46,2,10,14,-1,-1,SELLER,00T23@0,0,46,-1,-1,0
1090,OTHER,T35,46,3,10,14,-1,-1,SELLER,01T35@0,0,46,-1,-1,0
1787,T35,T22,46,2,8,42,-1,42,01T35@0,03T22@1,17,46,-1,-1,1
1883,T35,T22,46,2,8,46,-1,46,01T35@0,03T22@1,17,46,-1,-1,1
1120,OTHER,T35,47,1,10,15,-1,-1,SELLER,01T35@0,0,47,-1,-1,0
1131,T23,OTHER,47,1,42,15,-1,-1,07T23@3,BUYER,0,47,-1,-1,4
1130,OTHER,T35,47,2,10,15,-1,-1,SELLER,01T35@0,0,47,-1,-1,0
1128,OTHER,T35,47,2,10,15,-1,-1,SELLER,01T35@0,0,47,-1,-1,0
1126,OTHER,T23,47,3,10,15,-1,-1,SELLER,00T23@0,0,47,-1,-1,0
1125,T35,OTHER,47,4,42,15,-1,-1,06T35@3,BUYER,0,47,-1,-1,4
1840,T23,T22,47,1,1,44,-1,44,00T23@0,03T22@1,10,47,-1,-1,1
1124,T23,OTHER,47,2,42,15,-1,-1,07T23@3,BUYER,0,47,-1,-1,4
1899,T35,T22,47,2,8,47,-1,47,01T35@0,03T22@1,17,47,-1,-1,1
1818,T23,T22,47,3,3,43,-1,43,00T23@0,03T22@1,14,47,-1,-1,1
1119,T23,OTHER,47,3,42,15,-1,-1,07T23@3,BUYER,0,47,-1,-1,4
1101,OTHER,T35,47,1,10,15,-1,-1,SELLER,01T35@0,0,47,-1,-1,0
1104,OTHER,T35,47,2,10,15,-1,-1,SELLER,01T35@0,0,47,-1,-1,0
1105,T35,OTHER,47,1,42,15,-1,-1,06T35@3,BUYER,0,47,-1,-1,4
1123,OTHER,T23,47,2,10,15,-1,-1,SELLER,00T23@0,0,47,-1,-1,0
1111,T35,OTHER,47,2,42,15,-1,-1,06T35@3,BUYER,0,47,-1,-1,4
1112,OTHER,T23,47,2,10,15,-1,-1,SELLER,00T23@0,0,47,-1,-1,0
1113,OTHER,T35,47,3,10,15,-1,-1,SELLER,01T35@0,0,47,-1,-1,0
1116,T35,OTHER,47,3,42,15,-1,-1,06T35@3,BUYER,0,47,-1,-1,4
1103,T23,OTHER,47,1,42,15,-1,-1,07T23@3,BUYER,0,47,-1,-1,4
1117,T35,OTHER,47,1,42,15,-1,-1,06T35@3,BUYER,0,47,-1,-1,4
1118,T35,OTHER,47,2,42,15,-1,-1,06T35@3,BUYER,0,47,-1,-1,4
1121,OTHER,T23,47,2,10,15,-1,-1,SELLER,00T23@0,0,47,-1,-1,0
1144,OTHER,T35,48,3,10,16,-1,-1,SELLER,01T35@0,0,48,-1,-1,0
1134,T23,OTHER,48,1,42,16,-1,-1,07T23@3,BUYER,0,48,-1,-1,4
1866,T23,T22,48,2,1,45,-1,45,00T23@0,03T22@1,9,48,-1,-1,1
1824,T23,T22,48,3,1,44,-1,44,00T23@0,03T22@1,10,48,-1,-1,1
1132,T23,OTHER,48,1,42,16,-1,-1,07T23@3,BUYER,0,48,-1,-1,4
1885,T23,T22,48,4,3,46,-1,46,00T23@0,03T22@1,14,48,-1,-1,1
1143,OTHER,T23,48,2,10,16,-1,-1,SELLER,00T23@0,0,48,-1,-1,0
1136,OTHER,T35,48,2,10,16,-1,-1,SELLER,01T35@0,0,48,-1,-1,0
1146,T23,OTHER,48,3,42,16,-1,-1,07T23@3,BUYER,0,48,-1,-1,4
1142,OTHER,T35,48,1,10,16,-1,-1,SELLER,01T35@0,0,48,-1,-1,0
1147,OTHER,T35,48,2,10,16,-1,-1,SELLER,01T35@0,0,48,-1,-1,0
1148,T35,OTHER,48,1,42,16,-1,-1,06T35@3,BUYER,0,48,-1,-1,4
1141,T35,OTHER,48,4,42,16,-1,-1,06T35@3,BUYER,0,48,-1,-1,4
1140,T35,OTHER,48,2,42,16,-1,-1,06T35@3,BUYER,0,48,-1,-1,4
1149,T23,OTHER,48,3,42,16,-1,-1,07T23@3,BUYER,0,48,-1,-1,4
1138,OTHER,T23,48,3,10,16,-1,-1,SELLER,00T23@0,0,48,-1,-1,0
1152,OTHER,T23,48,1,10,16,-1,-1,SELLER,00T23@0,0,48,-1,-1,0
1150,OTHER,T23,48,2,10,16,-1,-1,SELLER,00T23@0,0,48,-1,-1,0
1154,OTHER,T23,48,2,10,16,-1,-1,SELLER,00T23@0,0,48,-1,-1,0
1157,OTHER,T23,48,2,10,16,-1,-1,SELLER,00T23@0,0,48,-1,-1,0
1137,T35,OTHER,48,2,42,16,-1,-1,06T35@3,BUYER,0,48,-1,-1,4
1153,T35,OTHER,48,3,42,16,-1,-1,06T35@3,BUYER,0,48,-1,-1,4
1180,OTHER,T23,49,2,10,17,-1,-1,SELLER,00T23@0,0,49,-1,-1,0
1159,T23,OTHER,49,1,42,17,-1,-1,07T23@3,BUYER,0,49,-1,-1,4
1181,T35,OTHER,49,1,42,17,-1,-1,06T35@3,BUYER,0,49,-1,-1,4
1182,OTHER,T23,49,2,10,17,-1,-1,SELLER,00T23@0,0,49,-1,-1,0
1162,T23,OTHER,49,2,42,17,-1,-1,07T23@3,BUYER,0,49,-1,-1,4
1169,OTHER,T23,49,2,10,17,-1,-1,SELLER,00T23@0,0,49,-1,-1,0
1178,T35,OTHER,49,3,42,17,-1,-1,06T35@3,BUYER,0,49,-1,-1,4
1187,T23,OTHER,49,1,42,17,-1,-1,07T23@3,BUYER,0,49,-1,-1,4
1183,OTHER,T35,49,2,10,17,-1,-1,SELLER,01T35@0,0,49,-1,-1,0
1176,OTHER,T35,49,3,10,17,-1,-1,SELLER,01T35@0,0,49,-1,-1,0
1184,T35,OTHER,49,3,42,17,-1,-1,06T35@3,BUYER,0,49,-1,-1,4
1186,OTHER,T35,49,3,10,17,-1,-1,SELLER,01T35@0,0,49,-1,-1,0
1160,OTHER,T35,49,3,10,17,-1,-1,SELLER,01T35@0,0,49,-1,-1,0
1168,OTHER,T23,49,2,10,17,-1,-1,SELLER,00T23@0,0,49,-1,-1,0
1165,T35,OTHER,49,1,42,17,-1,-1,06T35@3,BUYER,0,49,-1,-1,4
1173,OTHER,T35,49,1,10,17,-1,-1,SELLER,01T35@0,0,49,-1,-1,0
1161,T23,OTHER,49,3,42,17,-1,-1,07T23@3,BUYER,0,49,-1,-1,4
1167,T35,OTHER,49,4,42,17,-1,-1,06T35@3,BUYER,0,49,-1,-1,4
1856,T35,T22,49,2,8,45,-1,45,01T35@0,03T22@1,17,49,-1,-1,1
1861,T23,T22,49,1,2,45,-1,45,00T23@0,03T22@1,12,49,-1,-1,1
1939,T35,T22,49,2,8,49,-1,49,01T35@0,03T22@1,17,49,-1,-1,1
1951,T35,T22,49,2,8,49,-1,49,01T35@0,03T22@1,17,49,-1,-1,1
1166,T35,OTHER,49,1,42,17,-1,-1,06T35@3,BUYER,0,49,-1,-1,4
1202,OTHER,T23,50,1,10,18,-1,-1,SELLER,00T23@0,0,50,-1,-1,0
1893,T23,T22,50,4,3,47,-1,47,00T23@0,03T22@1,13,50,-1,-1,1
1910,T23,T22,50,3,4,48,-1,48,00T23@0,03T22@1,15,50,-1,-1,1
1960,T23,T22,50,3,2,50,-1,50,00T23@0,03T22@1,14,50,-1,-1,1
1967,T35,T22,50,2,8,50,-1,50,01T35@0,03T22@1,17,50,-1,-1,1
1201,OTHER,T23,50,1,10,18,-1,-1,SELLER,00T23@0,0,50,-1,-1,0
1189,OTHER,T35,50,3,10,18,-1,-1,SELLER,01T35@0,0,50,-1,-1,0
1190,T35,OTHER,50,1,42,18,-1,-1,06T35@3,BUYER,0,50,-1,-1,4
1219,OTHER,T23,50,4,10,18,-1,-1,SELLER,00T23@0,0,50,-1,-1,0
1218,T23,OTHER,50,1,42,18,-1,-1,07T23@3,BUYER,0,50,-1,-1,4
1214,T23,OTHER,50,1,42,18,-1,-1,07T23@3,BUYER,0,50,-1,-1,4
1216,OTHER,T35,50,1,10,18,-1,-1,SELLER,01T35@0,0,50,-1,-1,0
1208,T23,OTHER,50,3,42,18,-1,-1,07T23@3,BUYER,0,50,-1,-1,4
1207,OTHER,T23,50,3,10,18,-1,-1,SELLER,00T23@0,0,50,-1,-1,0
1195,OTHER,T35,50,2,10,18,-1,-1,SELLER,01T35@0,0,50,-1,-1,0
1196,T23,OTHER,50,3,42,18,-1,-1,07T23@3,BUYER,0,50,-1,-1,4
1211,T35,OTHER,50,2,42,18,-1,-1,06T35@3,BUYER,0,50,-1,-1,4
1217,T35,OTHER,50,2,42,18,-1,-1,06T35@3,BUYER,0,50,-1,-1,4
1199,T23,OTHER,50,2,42,18,-1,-1,07T23@3,BUYER,0,50,-1,-1,4
1193,T35,OTHER,50,2,42,18,-1,-1,06T35@3,BUYER,0,50,-1,-1,4
1205,OTHER,T35,50,3,10,18,-1,-1,SELLER,01T35@0,0,50,-1,-1,0
1200,OTHER,T35,50,1,10,18,-1,-1,SELLER,01T35@0,0,50,-1,-1,0
1192,T35,OTHER,50,3,42,18,-1,-1,06T35@3,BUYER,0,50,-1,-1,4
1215,OTHER,T23,50,1,10,18,-1,-1,SELLER,00T23@0,0,50,-1,-1,0
1243,T23,OTHER,51,7,42,19,-1,-1,07T23@3,BUYER,0,51,-1,-1,4
1244,OTHER,T35,51,2,10,19,-1,-1,SELLER,01T35@0,0,51,-1,-1,0
1239,T23,OTHER,51,1,42,19,-1,-1,07T23@3,BUYER,0,51,-1,-1,4
1933,T23,T22,51,3,1,49,-1,49,00T23@0,03T22@1,9,51,-1,-1,1
1238,T35,OTHER,51,2,42,19,-1,-1,06T35@3,BUYER,0,51,-1,-1,4
1241,OTHER,T23,51,3,10,19,-1,-1,SELLER,00T23@0,0,51,-1,-1,0
1240,OTHER,T23,51,4,10,19,-1,-1,SELLER,00T23@0,0,51,-1,-1,0
1228,T35,OTHER,51,1,42,19,-1,-1,06T35@3,BUYER,0,51,-1,-1,4
1234,T23,OTHER,51,1,42,19,-1,-1,07T23@3,BUYER,0,51,-1,-1,4
1220,OTHER,T23,51,1,10,19,-1,-1,SELLER,00T23@0,0,51,-1,-1,0
1221,OTHER,T35,51,4,10,19,-1,-1,SELLER,01T35@0,0,51,-1,-1,0
1222,T35,OTHER,51,2,42,19,-1,-1,06T35@3,BUYER,0,51,-1,-1,4
1223,T35,OTHER,51,2,42,19,-1,-1,06T35@3,BUYER,0,51,-1,-1,4
1226,T35,OTHER,51,3,42,19,-1,-1,06T35@3,BUYER,0,51,-1,-1,4
1236,OTHER,T35,51,2,10,19,-1,-1,SELLER,01T35@0,0,51,-1,-1,0
1227,T23,OTHER,51,1,42,19,-1,-1,07T23@3,BUYER,0,51,-1,-1,4
1231,OTHER,T23,51,1,10,19,-1,-1,SELLER,00T23@0,0,51,-1,-1,0
1232,OTHER,T23,51,1,10,19,-1,-1,SELLER,00T23@0,0,51,-1,-1,0
1229,OTHER,T23,51,2,10,19,-1,-1,SELLER,00T23@0,0,51,-1,-1,0
1917,T35,T22,52,2,8,48,-1,48,01T35@0,03T22@1,17,52,-1,-1,1
1252,OTHER,T23,52,4,10,20,-1,-1,SELLER,00T23@0,0,52,-1,-1,0
1999,T23,T22,52,2,1,52,-1,52,00T23@0,03T22@1,13,52,-1,-1,1
1998,T23,T22,52,2,2,52,-1,52,00T23@0,03T22@1,11,52,-1,-1,1
1995,T23,T22,52,5,1,51,-1,51,00T23@0,03T22@1,6,52,-1,-1,1
1970,T35,T22,52,1,8,50,-1,50,01T35@0,03T22@1,17,52,-1,-1,1
1253,OTHER,T23,52,1,10,20,-1,-1,SELLER,00T23@0,0,52,-1,-1,0
1260,T35,OTHER,52,1,42,20,-1,-1,06T35@3,BUYER,0,52,-1,-1,4
1256,T23,OTHER,52,2,42,20,-1,-1,07T23@3,BUYER,0,52,-1,-1,4
1257,T23,OTHER,52,2,42,20,-1,-1,07T23@3,BUYER,0,52,-1,-1,4
1258,OTHER,T23,52,1,10,20,-1,-1,SELLER,00T23@0,0,52,-1,-1,0
1259,OTHER,T23,52,3,10,20,-1,-1,SELLER,00T23@0,0,52,-1,-1,0
1261,OTHER,T23,52,2,10,20,-1,-1,SELLER,00T23@0,0,52,-1,-1,0
1262,T23,OTHER,52,1,42,20,-1,-1,07T23@3,BUYER,0,52,-1,-1,4
1250,T35,OTHER,52,1,42,20,-1,-1,06T35@3,BUYER,0,52,-1,-1,4
1264,T23,OTHER,52,2,42,20,-1,-1,07T23@3,BUYER,0,52,-1,-1,4
1249,T35,OTHER,52,2,42,20,-1,-1,06T35@3,BUYER,0,52,-1,-1,4
1266,T23,OTHER,52,3,42,20,-1,-1,07T23@3,BUYER,0,52,-1,-1,4
1248,OTHER,T23,52,1,10,20,-1,-1,SELLER,00T23@0,0,52,-1,-1,0
1271,OTHER,T35,52,2,10,20,-1,-1,SELLER,01T35@0,0,52,-1,-1,0
1272,T35,OTHER,52,4,42,20,-1,-1,06T35@3,BUYER,0,52,-1,-1,4
1273,OTHER,T35,52,3,10,20,-1,-1,SELLER,01T35@0,0,52,-1,-1,0
1251,T35,OTHER,52,2,42,20,-1,-1,06T35@3,BUYER,0,52,-1,-1,4
1254,OTHER,T35,52,3,10,20,-1,-1,SELLER,01T35@0,0,52,-1,-1,0
1932,T23,T22,53,4,4,49,-1,49,00T23@0,03T22@1,15,53,-1,-1,1
1276,T35,OTHER,53,1,42,21,-1,-1,06T35@3,BUYER,0,53,-1,-1,4
1277,T23,OTHER,53,2,42,21,-1,-1,07T23@3,BUYER,0,53,-1,-1,4
1278,OTHER,T35,53,4,10,21,-1,-1,SELLER,01T35@0,0,53,-1,-1,0
1279,OTHER,T23,53,4,10,21,-1,-1,SELLER,00T23@0,0,53,-1,-1,0
1280,T35,OTHER,53,2,42,21,-1,-1,06T35@3,BUYER,0,53,-1,-1,4
1281,OTHER,T35,53,2,10,21,-1,-1,SELLER,01T35@0,0,53,-1,-1,0
1283,T35,OTHER,53,5,42,21,-1,-1,06T35@3,BUYER,0,53,-1,-1,4
1285,OTHER,T35,53,4,10,21,-1,-1,SELLER,01T35@0,0,53,-1,-1,0
1286,T35,OTHER,53,1,42,21,-1,-1,06T35@3,BUYER,0,53,-1,-1,4
1289,T23,OTHER,53,1,42,21,-1,-1,07T23@3,BUYER,0,53,-1,-1,4
1290,OTHER,T23,53,3,10,21,-1,-1,SELLER,00T23@0,0,53,-1,-1,0
2011,T35,T22,53,2,8,53,-1,53,01T35@0,03T22@1,17,53,-1,-1,1
1291,T35,OTHER,53,2,42,21,-1,-1,06T35@3,BUYER,0,53,-1,-1,4
1292,OTHER,T35,53,1,10,21,-1,-1,SELLER,01T35@0,0,53,-1,-1,0
1296,OTHER,T23,53,1,10,21,-1,-1,SELLER,00T23@0,0,53,-1,-1,0
1297,T23,OTHER,53,4,42,21,-1,-1,07T23@3,BUYER,0,53,-1,-1,4
1298,T23,OTHER,53,2,42,21,-1,-1,07T23@3,BUYER,0,53,-1,-1,4
1288,OTHER,T23,53,1,10,21,-1,-1,SELLER,00T23@0,0,53,-1,-1,0
1305,OTHER,T35,54,2,10,22,-1,-1,SELLER,01T35@0,0,54,-1,-1,0
1319,T35,OTHER,54,4,42,22,-1,-1,06T35@3,BUYER,0,54,-1,-1,4
1326,T23,OTHER,54,2,42,22,-1,-1,07T23@3,BUYER,0,54,-1,-1,4
1323,OTHER,T35,54,1,10,22,-1,-1,SELLER,01T35@0,0,54,-1,-1,0
1321,OTHER,T23,54,2,10,22,-1,-1,SELLER,00T23@0,0,54,-1,-1,0
1318,OTHER,T23,54,3,10,22,-1,-1,SELLER,00T23@0,0,54,-1,-1,0
1324,OTHER,T23,54,1,10,22,-1,-1,SELLER,00T23@0,0,54,-1,-1,0
1320,OTHER,T35,54,5,10,22,-1,-1,SELLER,01T35@0,0,54,-1,-1,0
1316,T35,OTHER,54,1,42,22,-1,-1,06T35@3,BUYER,0,54,-1,-1,4
1309,OTHER,T35,54,1,10,22,-1,-1,SELLER,01T35@0,0,54,-1,-1,0
1313,T23,OTHER,54,1,42,22,-1,-1,07T23@3,BUYER,0,54,-1,-1,4
1311,T35,OTHER,54,3,42,22,-1,-1,06T35@3,BUYER,0,54,-1,-1,4
1310,T23,OTHER,54,2,42,22,-1,-1,07T23@3,BUYER,0,54,-1,-1,4
1308,T23,OTHER,54,3,42,22,-1,-1,07T23@3,BUYER,0,54,-1,-1,4
1306,OTHER,T35,54,1,10,22,-1,-1,SELLER,01T35@0,0,54,-1,-1,0
1304,OTHER,T35,54,1,10,22,-1,-1,SELLER,01T35@0,0,54,-1,-1,0
1959,T23,T22,54,4,4,50,-1,50,00T23@0,03T22@1,15,54,-1,-1,1
1315,OTHER,T35,54,3,10,22,-1,-1,SELLER,01T35@0,0,54,-1,-1,0
1302,T35,OTHER,54,2,42,22,-1,-1,06T35@3,BUYER,0,54,-1,-1,4
1329,T35,OTHER,54,2,42,22,-1,-1,06T35@3,BUYER,0,54,-1,-1,4
1347,T23,OTHER,55,3,42,23,-1,-1,07T23@3,BUYER,0,55,-1,-1,4
1340,T35,OTHER,55,1,42,23,-1,-1,06T35@3,BUYER,0,55,-1,-1,4
1342,T23,OTHER,55,4,42,23,-1,-1,07T23@3,BUYER,0,55,-1,-1,4
1338,OTHER,T35,55,1,10,23,-1,-1,SELLER,01T35@0,0,55,-1,-1,0
1344,OTHER,T23,55,2,10,23,-1,-1,SELLER,00T23@0,0,55,-1,-1,0
1336,T23,OTHER,55,1,42,23,-1,-1,07T23@3,BUYER,0,55,-1,-1,4
1335,T35,OTHER,55,2,42,23,-1,-1,06T35@3,BUYER,0,55,-1,-1,4
1334,T35,OTHER,55,3,42,23,-1,-1,06T35@3,BUYER,0,55,-1,-1,4
1348,OTHER,T35,55,4,10,23,-1,-1,SELLER,01T35@0,0,55,-1,-1,0
2007,T35,T22,55,2,8,52,-1,52,01T35@0,03T22@1,17,55,-1,-1,1
1341,T23,OTHER,55,2,42,23,-1,-1,07T23@3,BUYER,0,55,-1,-1,4
1351,OTHER,T23,55,5,10,23,-1,-1,SELLER,00T23@0,0,55,-1,-1,0
1346,T35,OTHER,55,2,42,23,-1,-1,06T35@3,BUYER,0,55,-1,-1,4
1345,OTHER,T35,55,2,10,23,-1,-1,SELLER,01T35@0,0,55,-1,-1,0
1354,OTHER,T35,55,1,10,23,-1,-1,SELLER,01T35@0,0,55,-1,-1,0
1353,T35,OTHER,55,1,42,23,-1,-1,06T35@3,BUYER,0,55,-1,-1,4
1352,OTHER,T23,55,3,10,23,-1,-1,SELLER,00T23@0,0,55,-1,-1,0
1333,OTHER,T35,55,1,10,23,-1,-1,SELLER,01T35@0,0,55,-1,-1,0
1356,OTHER,T23,55,1,10,23,-1,-1,SELLER,00T23@0,0,55,-1,-1,0
1349,T23,OTHER,55,1,42,23,-1,-1,07T23@3,BUYER,0,55,-1,-1,4
1388,OTHER,T35,56,2,10,24,-1,-1,SELLER,01T35@0,0,56,-1,-1,0
1365,OTHER,T23,56,1,10,24,-1,-1,SELLER,00T23@0,0,56,-1,-1,0
1384,T35,OTHER,56,3,42,24,-1,-1,06T35@3,BUYER,0,56,-1,-1,4
1360,OTHER,T35,56,2,10,24,-1,-1,SELLER,01T35@0,0,56,-1,-1,0
2020,T23,T22,56,4,2,53,-1,53,00T23@0,03T22@1,13,56,-1,-1,1
1385,OTHER,T23,56,3,10,24,-1,-1,SELLER,00T23@0,0,56,-1,-1,0
2009,T35,T22,56,2,8,52,-1,52,01T35@0,03T22@1,17,56,-1,-1,1
1361,T23,OTHER,56,3,42,24,-1,-1,07T23@3,BUYER,0,56,-1,-1,4
1387,T35,OTHER,56,2,42,24,-1,-1,06T35@3,BUYER,0,56,-1,-1,4
2029,T23,T22,56,1,1,54,-1,54,00T23@0,03T22@1,10,56,-1,-1,1
1363,T35,OTHER,56,2,42,24,-1,-1,06T35@3,BUYER,0,56,-1,-1,4
1366,OTHER,T35,56,2,10,24,-1,-1,SELLER,01T35@0,0,56,-1,-1,0
1367,T23,OTHER,56,3,42,24,-1,-1,07T23@3,BUYER,0,56,-1,-1,4
1381,OTHER,T35,56,2,10,24,-1,-1,SELLER,01T35@0,0,56,-1,-1,0
1378,OTHER,T23,56,2,10,24,-1,-1,SELLER,00T23@0,0,56,-1,-1,0
1375,T35,OTHER,56,1,42,24,-1,-1,06T35@3,BUYER,0,56,-1,-1,4
1374,T23,OTHER,56,2,42,24,-1,-1,07T23@3,BUYER,0,56,-1,-1,4
1380,OTHER,T35,56,4,10,24,-1,-1,SELLER,01T35@0,0,56,-1,-1,0
1370,OTHER,T23,56,2,10,24,-1,-1,SELLER,00T23@0,0,56,-1,-1,0
1369,T35,OTHER,56,3,42,24,-1,-1,06T35@3,BUYER,0,56,-1,-1,4
1368,T23,OTHER,56,1,42,24,-1,-1,07T23@3,BUYER,0,56,-1,-1,4
1393,OTHER,T35,57,1,10,25,-1,-1,SELLER,01T35@0,0,57,-1,-1,0
1394,OTHER,T23,57,2,10,25,-1,-1,SELLER,00T23@0,0,57,-1,-1,0
1410,OTHER,T23,57,1,10,25,-1,-1,SELLER,00T23@0,0,57,-1,-1,0
1411,T23,OTHER,57,5,42,25,-1,-1,07T23@3,BUYER,0,57,-1,-1,4
1406,T23,OTHER,57,1,42,25,-1,-1,07T23@3,BUYER,0,57,-1,-1,4
1413,OTHER,T35,57,1,10,25,-1,-1,SELLER,01T35@0,0,57,-1,-1,0
1414,T35,OTHER,57,2,42,25,-1,-1,06T35@3,BUYER,0,57,-1,-1,4
1415,T35,OTHER,57,2,42,25,-1,-1,06T35@3,BUYER,0,57,-1,-1,4
1399,OTHER,T35,57,2,10,25,-1,-1,SELLER,01T35@0,0,57,-1,-1,0
1395,OTHER,T23,57,1,10,25,-1,-1,SELLER,00T23@0,0,57,-1,-1,0
1404,T23,OTHER,57,2,42,25,-1,-1,07T23@3,BUYER,0,57,-1,-1,4
2047,T23,T22,57,5,1,57,-1,57,00T23@0,03T22@1,7,57,-1,-1,1
1408,OTHER,T23,57,1,10,25,-1,-1,SELLER,00T23@0,0,57,-1,-1,0
1402,OTHER,T23,57,3,10,25,-1,-1,SELLER,00T23@0,0,57,-1,-1,0
1396,T35,OTHER,57,3,42,25,-1,-1,06T35@3,BUYER,0,57,-1,-1,4
1401,T35,OTHER,57,1,42,25,-1,-1,06T35@3,BUYER,0,57,-1,-1,4
1400,OTHER,T35,57,3,10,25,-1,-1,SELLER,01T35@0,0,57,-1,-1,0
1392,T23,OTHER,57,3,42,25,-1,-1,07T23@3,BUYER,0,57,-1,-1,4
1409,OTHER,T23,57,3,10,25,-1,-1,SELLER,00T23@0,0,57,-1,-1,0
1391,T23,OTHER,57,1,42,25,-1,-1,07T23@3,BUYER,0,57,-1,-1,4
1390,OTHER,T35,57,2,10,25,-1,-1,SELLER,01T35@0,0,57,-1,-1,0
2051,T35,T22,58,1,8,58,-1,58,01T35@0,03T22@1,17,58,-1,-1,1
2049,T23,T22,58,4,2,58,-1,58,00T23@0,03T22@1,14,58,-1,-1,1
2052,T35,T22,58,2,8,58,-1,58,01T35@0,03T22@1,17,58,-1,-1,1
2030,T35,T22,58,2,8,54,-1,54,01T35@0,03T22@1,17,58,-1,-1,1
1429,T35,OTHER,58,1,42,26,-1,-1,06T35@3,BUYER,0,58,-1,-1,4
1427,OTHER,T23,58,1,10,26,-1,-1,SELLER,00T23@0,0,58,-1,-1,0
1432,OTHER,T23,58,2,10,26,-1,-1,SELLER,00T23@0,0,58,-1,-1,0
1426,OTHER,T35,58,2,10,26,-1,-1,SELLER,01T35@0,0,58,-1,-1,0
1424,OTHER,T35,58,1,10,26,-1,-1,SELLER,01T35@0,0,58,-1,-1,0
1430,OTHER,T23,58,3,10,26,-1,-1,SELLER,00T23@0,0,58,-1,-1,0
1423,OTHER,T23,58,2,10,26,-1,-1,SELLER,00T23@0,0,58,-1,-1,0
1433,T23,OTHER,58,5,42,26,-1,-1,07T23@3,BUYER,0,58,-1,-1,4
1436,OTHER,T35,58,4,10,26,-1,-1,SELLER,01T35@0,0,58,-1,-1,0
1441,T23,OTHER,58,1,42,26,-1,-1,07T23@3,BUYER,0,58,-1,-1,4
1422,T35,OTHER,58,2,42,26,-1,-1,06T35@3,BUYER,0,58,-1,-1,4
1418,T35,OTHER,58,2,42,26,-1,-1,06T35@3,BUYER,0,58,-1,-1,4
1417,T35,OTHER,58,4,42,26,-1,-1,06T35@3,BUYER,0,58,-1,-1,4
1438,T35,OTHER,58,4,42,26,-1,-1,06T35@3,BUYER,0,58,-1,-1,4
1419,T23,OTHER,58,1,42,26,-1,-1,07T23@3,BUYER,0,58,-1,-1,4
1437,OTHER,T23,58,3,10,26,-1,-1,SELLER,00T23@0,0,58,-1,-1,0
1439,OTHER,T35,58,1,10,26,-1,-1,SELLER,01T35@0,0,58,-1,-1,0
1431,OTHER,T35,58,1,10,26,-1,-1,SELLER,01T35@0,0,58,-1,-1,0
2058,T35,T22,59,1,8,59,-1,59,01T35@0,03T22@1,17,59,-1,-1,1
2057,T23,T22,59,5,3,59,-1,59,00T23@0,03T22@1,13,59,-1,-1,1
1467,OTHER,T23,59,3,10,27,-1,-1,SELLER,00T23@0,0,59,-1,-1,0
1446,T35,OTHER,59,2,42,27,-1,-1,06T35@3,BUYER,0,59,-1,-1,4
2050,T23,T22,59,3,2,58,-1,58,00T23@0,03T22@1,14,59,-1,-1,1
1466,T35,OTHER,59,3,42,27,-1,-1,06T35@3,BUYER,0,59,-1,-1,4
2048,T23,T22,59,5,1,57,-1,57,00T23@0,03T22@1,7,59,-1,-1,1
1444,T23,OTHER,59,2,42,27,-1,-1,07T23@3,BUYER,0,59,-1,-1,4
1465,OTHER,T35,59,2,10,27,-1,-1,SELLER,01T35@0,0,59,-1,-1,0
1455,OTHER,T35,59,2,10,27,-1,-1,SELLER,01T35@0,0,59,-1,-1,0
1456,T35,OTHER,59,1,42,27,-1,-1,06T35@3,BUYER,0,59,-1,-1,4
1457,T35,OTHER,59,4,42,27,-1,-1,06T35@3,BUYER,0,59,-1,-1,4
1459,OTHER,T23,59,2,10,27,-1,-1,SELLER,00T23@0,0,59,-1,-1,0
1451,OTHER,T23,59,2,10,27,-1,-1,SELLER,00T23@0,0,59,-1,-1,0
1464,OTHER,T23,59,3,10,27,-1,-1,SELLER,00T23@0,0,59,-1,-1,0
1449,T23,OTHER,59,4,42,27,-1,-1,07T23@3,BUYER,0,59,-1,-1,4
1461,OTHER,T35,59,1,10,27,-1,-1,SELLER,01T35@0,0,59,-1,-1,0
1460,T23,OTHER,59,1,42,27,-1,-1,07T23@3,BUYER,0,59,-1,-1,4
1463,T23,OTHER,59,2,42,27,-1,-1,07T23@3,BUYER,0,59,-1,-1,4
2035,T35,T22,59,2,8,55,-1,55,01T35@0,03T22@1,17,59,-1,-1,1
2037,T23,T22,59,2,8,55,-1,55,00T23@0,03T22@1,17,59,-1,-1,1
1447,T35,OTHER,59,1,42,27,-1,-1,06T35@3,BUYER,0,59,-1,-1,4
1443,OTHER,T35,59,4,10,27,-1,-1,SELLER,01T35@0,0,59,-1,-1,0
1453,OTHER,T35,59,1,10,27,-1,-1,SELLER,01T35@0,0,59,-1,-1,0
1472,OTHER,T35,60,2,10,28,-1,-1,SELLER,01T35@0,0,60,-1,-1,0
1480,OTHER,T23,60,1,10,28,-1,-1,SELLER,00T23@0,0,60,-1,-1,0
1474,T35,OTHER,60,1,42,28,-1,-1,06T35@3,BUYER,0,60,-1,-1,4
1476,T23,OTHER,60,4,42,28,-1,-1,07T23@3,BUYER,0,60,-1,-1,4
1470,OTHER,T35,60,3,10,28,-1,-1,SELLER,01T35@0,0,60,-1,-1,0
1469,OTHER,T23,60,3,10,28,-1,-1,SELLER,00T23@0,0,60,-1,-1,0
1468,OTHER,T35,60,2,10,28,-1,-1,SELLER,01T35@0,0,60,-1,-1,0
1477,T35,OTHER,60,1,42,28,-1,-1,06T35@3,BUYER,0,60,-1,-1,4
1471,T35,OTHER,60,2,42,28,-1,-1,06T35@3,BUYER,0,60,-1,-1,4
2046,T35,T22,60,2,8,56,-1,56,01T35@0,03T22@1,17,60,-1,-1,1
1482,T35,OTHER,60,3,42,28,-1,-1,06T35@3,BUYER,0,60,-1,-1,4
1492,T35,OTHER,60,3,42,28,-1,-1,06T35@3,BUYER,0,60,-1,-1,4
2063,T35,T22,60,2,8,60,-1,60,01T35@0,03T22@1,17,60,-1,-1,1
1485,OTHER,T35,60,1,10,28,-1,-1,SELLER,01T35@0,0,60,-1,-1,0
2060,T35,T22,60,1,8,60,-1,60,01T35@0,03T22@1,17,60,-1,-1,1
2059,T23,T22,60,1,2,60,-1,60,00T23@0,03T22@1,13,60,-1,-1,1
1489,OTHER,T35,60,3,10,28,-1,-1,SELLER,01T35@0,0,60,-1,-1,0
1491,T23,OTHER,60,1,42,28,-1,-1,07T23@3,BUYER,0,60,-1,-1,4
1495,T35,OTHER,60,2,42,28,-1,-1,06T35@3,BUYER,0,60,-1,-1,4
2045,T23,T22,60,3,3,56,-1,56,00T23@0,03T22@1,13,60,-1,-1,1
1493,OTHER,T23,60,3,10,28,-1,-1,SELLER,00T23@0,0,60,-1,-1,0
1481,T23,OTHER,60,3,42,28,-1,-1,07T23@3,BUYER,0,60,-1,-1,4
1484,OTHER,T23,60,2,10,28,-1,-1,SELLER,00T23@0,0,60,-1,-1,0
2064,T23,T22,61,2,5,61,-1,61,00T23@0,03T22@1,15,61,-1,-1,1
2056,T23,T22,61,3,1,59,-1,59,00T23@0,03T22@1,13,61,-1,-1,1
2053,T35,T22,61,2,8,58,-1,58,01T35@0,03T22@1,17,61,-1,-1,1
1510,OTHER,T35,61,2,10,29,-1,-1,SELLER,01T35@0,0,61,-1,-1,0
1520,OTHER,T35,61,3,10,29,-1,-1,SELLER,01T35@0,0,61,-1,-1,0
1523,T23,OTHER,61,1,42,29,-1,-1,07T23@3,BUYER,0,61,-1,-1,4
1522,T35,OTHER,61,4,42,29,-1,-1,06T35@3,BUYER,0,61,-1,-1,4
1521,OTHER,T35,61,2,10,29,-1,-1,SELLER,01T35@0,0,61,-1,-1,0
1519,T23,OTHER,61,1,42,29,-1,-1,07T23@3,BUYER,0,61,-1,-1,4
1518,OTHER,T23,61,3,10,29,-1,-1,SELLER,00T23@0,0,61,-1,-1,0
1517,T23,OTHER,61,3,42,29,-1,-1,07T23@3,BUYER,0,61,-1,-1,4
1508,OTHER,T23,61,1,10,29,-1,-1,SELLER,00T23@0,0,61,-1,-1,0
1507,OTHER,T23,61,2,10,29,-1,-1,SELLER,00T23@0,0,61,-1,-1,0
1512,OTHER,T35,61,3,10,29,-1,-1,SELLER,01T35@0,0,61,-1,-1,0
1503,T35,OTHER,61,1,42,29,-1,-1,06T35@3,BUYER,0,61,-1,-1,4
1502,T23,OTHER,61,1,42,29,-1,-1,07T23@3,BUYER,0,61,-1,-1,4
1501,T35,OTHER,61,3,42,29,-1,-1,06T35@3,BUYER,0,61,-1,-1,4
1500,OTHER,T23,61,2,10,29,-1,-1,SELLER,00T23@0,0,61,-1,-1,0
1499,T23,OTHER,61,2,42,29,-1,-1,07T23@3,BUYER,0,61,-1,-1,4
1498,OTHER,T35,61,1,10,29,-1,-1,SELLER,01T35@0,0,61,-1,-1,0
1496,T23,OTHER,61,4,42,29,-1,-1,07T23@3,BUYER,0,61,-1,-1,4
1505,OTHER,T23,61,1,10,29,-1,-1,SELLER,00T23@0,0,61,-1,-1,0
1546,T23,OTHER,62,2,42,30,-1,-1,07T23@3,BUYER,0,62,-1,-1,4
1542,OTHER,T35,62,6,10,30,-1,-1,SELLER,01T35@0,0,62,-1,-1,0
1543,OTHER,T23,62,4,10,30,-1,-1,SELLER,00T23@0,0,62,-1,-1,0
2067,T23,T22,62,1,4,62,-1,62,00T23@0,03T22@1,15,62,-1,-1,1
2065,T23,T22,62,5,2,61,-1,61,00T23@0,03T22@1,14,62,-1,-1,1
1544,T23,OTHER,62,1,42,30,-1,-1,07T23@3,BUYER,0,62,-1,-1,4
2062,T23,T22,62,5,1,60,-1,60,00T23@0,03T22@1,8,62,-1,-1,1
2070,T35,T22,62,2,8,62,-1,62,01T35@0,03T22@1,17,62,-1,-1,1
2055,T23,T22,62,5,2,59,-1,59,00T23@0,03T22@1,12,62,-1,-1,1
2054,T23,T22,62,1,1,58,-1,58,00T23@0,03T22@1,10,62,-1,-1,1
1541,T35,OTHER,62,2,42,30,-1,-1,06T35@3,BUYER,0,62,-1,-1,4
2068,T35,T22,62,1,8,62,-1,62,01T35@0,03T22@1,17,62,-1,-1,1
1540,OTHER,T35,62,2,10,30,-1,-1,SELLER,01T35@0,0,62,-1,-1,0
1530,T35,OTHER,62,2,42,30,-1,-1,06T35@3,BUYER,0,62,-1,-1,4
1538,T23,OTHER,62,2,42,30,-1,-1,07T23@3,BUYER,0,62,-1,-1,4
1537,OTHER,T35,62,1,10,30,-1,-1,SELLER,01T35@0,0,62,-1,-1,0
1536,T23,OTHER,62,2,42,30,-1,-1,07T23@3,BUYER,0,62,-1,-1,4
1533,T23,OTHER,62,5,42,30,-1,-1,07T23@3,BUYER,0,62,-1,-1,4
1532,T35,OTHER,62,2,42,30,-1,-1,06T35@3,BUYER,0,62,-1,-1,4
1524,OTHER,T23,62,4,10,30,-1,-1,SELLER,00T23@0,0,62,-1,-1,0
1529,T23,OTHER,62,1,42,30,-1,-1,07T23@3,BUYER,0,62,-1,-1,4
1528,OTHER,T35,62,1,10,30,-1,-1,SELLER,01T35@0,0,62,-1,-1,0
1539,OTHER,T23,62,1,10,30,-1,-1,SELLER,00T23@0,0,62,-1,-1,0
1525,T35,OTHER,62,1,42,30,-1,-1,06T35@3,BUYER,0,62,-1,-1,4
1526,OTHER,T23,62,1,10,30,-1,-1,SELLER,00T23@0,0,62,-1,-1,0
1564,T23,OTHER,63,2,42,31,-1,-1,07T23@3,BUYER,0,63,-1,-1,4
2061,T23,T22,63,2,5,60,-1,60,00T23@0,03T22@1,15,63,-1,-1,1
1567,T35,OTHER,63,2,42,31,-1,-1,06T35@3,BUYER,0,63,-1,-1,4
2069,T23,T22,63,4,2,62,-1,62,00T23@0,03T22@1,12,63,-1,-1,1
1563,OTHER,T23,63,2,10,31,-1,-1,SELLER,00T23@0,0,63,-1,-1,0
1565,T35,OTHER,63,2,42,31,-1,-1,06T35@3,BUYER,0,63,-1,-1,4
1562,OTHER,T35,63,3,10,31,-1,-1,SELLER,01T35@0,0,63,-1,-1,0
1555,OTHER,T35,63,1,10,31,-1,-1,SELLER,01T35@0,0,63,-1,-1,0
1561,OTHER,T23,63,2,10,31,-1,-1,SELLER,00T23@0,0,63,-1,-1,0
1560,T35,OTHER,63,2,42,31,-1,-1,06T35@3,BUYER,0,63,-1,-1,4
1548,OTHER,T35,63,3,10,31,-1,-1,SELLER,01T35@0,0,63,-1,-1,0
1559,OTHER,T23,63,3,10,31,-1,-1,SELLER,00T23@0,0,63,-1,-1,0
1558,T23,OTHER,63,3,42,31,-1,-1,07T23@3,BUYER,0,63,-1,-1,4
1557,OTHER,T35,63,3,10,31,-1,-1,SELLER,01T35@0,0,63,-1,-1,0
1556,T35,OTHER,63,2,42,31,-1,-1,06T35@3,BUYER,0,63,-1,-1,4
1549,T23,OTHER,63,2,42,31,-1,-1,07T23@3,BUYER,0,63,-1,-1,4
1554,OTHER,T35,63,3,10,31,-1,-1,SELLER,01T35@0,0,63,-1,-1,0
1551,T23,OTHER,63,2,42,31,-1,-1,07T23@3,BUYER,0,63,-1,-1,4
1552,T35,OTHER,63,3,42,31,-1,-1,06T35@3,BUYER,0,63,-1,-1,4
1583,T23,OTHER,64,2,42,32,-1,-1,07T23@3,BUYER,0,64,-1,-1,4
1576,OTHER,T23,64,4,10,32,-1,-1,SELLER,00T23@0,0,64,-1,-1,0
2074,T23,T22,64,4,2,64,-1,64,00T23@0,03T22@1,13,64,-1,-1,1
1579,OTHER,T35,64,1,10,32,-1,-1,SELLER,01T35@0,0,64,-1,-1,0
2072,T23,T22,64,5,1,63,-1,63,00T23@0,03T22@1,12,64,-1,-1,1
1577,T35,OTHER,64,2,42,32,-1,-1,06T35@3,BUYER,0,64,-1,-1,4
1578,OTHER,T23,64,1,10,32,-1,-1,SELLER,00T23@0,0,64,-1,-1,0
1582,OTHER,T35,64,3,10,32,-1,-1,SELLER,01T35@0,0,64,-1,-1,0
1575,T35,OTHER,64,4,42,32,-1,-1,06T35@3,BUYER,0,64,-1,-1,4
1588,T35,OTHER,64,2,42,32,-1,-1,06T35@3,BUYER,0,64,-1,-1,4
1585,T35,OTHER,64,1,42,32,-1,-1,06T35@3,BUYER,0,64,-1,-1,4
1574,OTHER,T23,64,2,10,32,-1,-1,SELLER,00T23@0,0,64,-1,-1,0
1573,OTHER,T35,64,1,10,32,-1,-1,SELLER,01T35@0,0,64,-1,-1,0
1571,OTHER,T23,64,1,10,32,-1,-1,SELLER,00T23@0,0,64,-1,-1,0
1570,T23,OTHER,64,3,42,32,-1,-1,07T23@3,BUYER,0,64,-1,-1,4
1569,OTHER,T35,64,3,10,32,-1,-1,SELLER,01T35@0,0,64,-1,-1,0
1568,OTHER,T35,64,1,10,32,-1,-1,SELLER,01T35@0,0,64,-1,-1,0
1586,OTHER,T35,64,2,10,32,-1,-1,SELLER,01T35@0,0,64,-1,-1,0
1587,T23,OTHER,64,4,42,32,-1,-1,07T23@3,BUYER,0,64,-1,-1,4
1589,OTHER,T23,64,1,10,32,-1,-1,SELLER,00T23@0,0,64,-1,-1,0
2077,T35,T22,64,1,8,64,-1,64,01T35@0,03T22@1,17,64,-1,-1,1
1584,T35,OTHER,64,2,42,32,-1,-1,06T35@3,BUYER,0,64,-1,-1,4
2066,T35,T22,65,2,8,61,-1,61,01T35@0,03T22@1,17,65,-1,-1,1
2078,T35,T22,65,2,8,65,-1,65,01T35@0,03T22@1,17,65,-1,-1,1
1600,OTHER,T23,65,4,10,33,-1,-1,SELLER,00T23@0,0,65,-1,-1,0
1599,OTHER,T35,65,1,10,33,-1,-1,SELLER,01T35@0,0,65,-1,-1,0
1594,T35,OTHER,65,5,42,33,-1,-1,06T35@3,BUYER,0,65,-1,-1,4
1593,T35,OTHER,65,3,42,33,-1,-1,06T35@3,BUYER,0,65,-1,-1,4
1592,OTHER,T23,65,2,10,33,-1,-1,SELLER,00T23@0,0,65,-1,-1,0
1590,OTHER,T35,65,3,10,33,-1,-1,SELLER,01T35@0,0,65,-1,-1,0
1595,OTHER,T23,65,1,10,33,-1,-1,SELLER,00T23@0,0,65,-1,-1,0
1611,T35,OTHER,65,2,42,33,-1,-1,06T35@3,BUYER,0,65,-1,-1,4
1610,T23,OTHER,65,1,42,33,-1,-1,07T23@3,BUYER,0,65,-1,-1,4
1609,OTHER,T35,65,3,10,33,-1,-1,SELLER,01T35@0,0,65,-1,-1,0
1612,OTHER,T23,65,1,10,33,-1,-1,SELLER,00T23@0,0,65,-1,-1,0
1597,OTHER,T35,65,1,10,33,-1,-1,SELLER,01T35@0,0,65,-1,-1,0
1606,T23,OTHER,65,1,42,33,-1,-1,07T23@3,BUYER,0,65,-1,-1,4
1605,T35,OTHER,65,1,42,33,-1,-1,06T35@3,BUYER,0,65,-1,-1,4
1598,OTHER,T35,65,3,10,33,-1,-1,SELLER,01T35@0,0,65,-1,-1,0
1603,T23,OTHER,65,3,42,33,-1,-1,07T23@3,BUYER,0,65,-1,-1,4
1602,T23,OTHER,65,3,42,33,-1,-1,07T23@3,BUYER,0,65,-1,-1,4
1601,T35,OTHER,65,1,42,33,-1,-1,06T35@3,BUYER,0,65,-1,-1,4
1596,OTHER,T23,65,1,10,33,-1,-1,SELLER,00T23@0,0,65,-1,-1,0
1626,OTHER,T23,66,3,10,34,-1,-1,SELLER,00T23@0,0,66,-1,-1,0
1633,OTHER,T23,66,4,10,34,-1,-1,SELLER,00T23@0,0,66,-1,-1,0
1632,T35,OTHER,66,2,42,34,-1,-1,06T35@3,BUYER,0,66,-1,-1,4
1631,OTHER,T23,66,1,10,34,-1,-1,SELLER,00T23@0,0,66,-1,-1,0
1629,T23,OTHER,66,2,42,34,-1,-1,07T23@3,BUYER,0,66,-1,-1,4
1627,OTHER,T35,66,2,10,34,-1,-1,SELLER,01T35@0,0,66,-1,-1,0
1625,T23,OTHER,66,2,42,34,-1,-1,07T23@3,BUYER,0,66,-1,-1,4
1617,T23,OTHER,66,3,42,34,-1,-1,07T23@3,BUYER,0,66,-1,-1,4
1623,OTHER,T35,66,1,10,34,-1,-1,SELLER,01T35@0,0,66,-1,-1,0
1621,T23,OTHER,66,3,42,34,-1,-1,07T23@3,BUYER,0,66,-1,-1,4
1620,OTHER,T23,66,2,10,34,-1,-1,SELLER,00T23@0,0,66,-1,-1,0
1619,T23,OTHER,66,1,42,34,-1,-1,07T23@3,BUYER,0,66,-1,-1,4
1618,OTHER,T35,66,4,10,34,-1,-1,SELLER,01T35@0,0,66,-1,-1,0
1615,OTHER,T35,66,3,10,34,-1,-1,SELLER,01T35@0,0,66,-1,-1,0
1614,T35,OTHER,66,4,42,34,-1,-1,06T35@3,BUYER,0,66,-1,-1,4
1613,T35,OTHER,66,1,42,34,-1,-1,06T35@3,BUYER,0,66,-1,-1,4
1624,T23,OTHER,66,2,42,34,-1,-1,07T23@3,BUYER,0,66,-1,-1,4
2079,T23,T22,66,4,1,65,-1,65,00T23@0,03T22@1,7,66,-1,-1,1
2080,T35,T22,66,2,8,66,-1,66,01T35@0,03T22@1,17,66,-1,-1,1
2076,T23,T22,66,4,1,64,-1,64,00T23@0,03T22@1,9,66,-1,-1,1
1643,T35,OTHER,67,2,42,35,-1,-1,06T35@3,BUYER,0,67,-1,-1,4
2073,T23,T22,67,1,1,63,-1,63,00T23@0,03T22@1,13,67,-1,-1,1
2071,T35,T22,67,2,8,63,-1,63,01T35@0,03T22@1,17,67,-1,-1,1
1644,OTHER,T35,67,2,10,35,-1,-1,SELLER,01T35@0,0,67,-1,-1,0
1656,T23,OTHER,67,2,42,35,-1,-1,07T23@3,BUYER,0,67,-1,-1,4
1655,OTHER,T35,67,2,10,35,-1,-1,SELLER,01T35@0,0,67,-1,-1,0
1653,OTHER,T35,67,2,10,35,-1,-1,SELLER,01T35@0,0,67,-1,-1,0
1652,T23,OTHER,67,2,42,35,-1,-1,07T23@3,BUYER,0,67,-1,-1,4
1651,OTHER,T23,67,3,10,35,-1,-1,SELLER,00T23@0,0,67,-1,-1,0
1649,OTHER,T35,67,1,10,35,-1,-1,SELLER,01T35@0,0,67,-1,-1,0
1640,OTHER,T35,67,2,10,35,-1,-1,SELLER,01T35@0,0,67,-1,-1,0
1634,T35,OTHER,67,1,42,35,-1,-1,06T35@3,BUYER,0,67,-1,-1,4
1635,OTHER,T23,67,2,10,35,-1,-1,SELLER,00T23@0,0,67,-1,-1,0
1636,OTHER,T35,67,1,10,35,-1,-1,SELLER,01T35@0,0,67,-1,-1,0
1637,T35,OTHER,67,1,42,35,-1,-1,06T35@3,BUYER,0,67,-1,-1,4
1638,OTHER,T23,67,2,10,35,-1,-1,SELLER,00T23@0,0,67,-1,-1,0
1642,T23,OTHER,67,2,42,35,-1,-1,07T23@3,BUYER,0,67,-1,-1,4
1641,T35,OTHER,67,5,42,35,-1,-1,06T35@3,BUYER,0,67,-1,-1,4
1645,T35,OTHER,67,3,42,35,-1,-1,06T35@3,BUYER,0,67,-1,-1,4
1646,T23,OTHER,67,2,42,35,-1,-1,07T23@3,BUYER,0,67,-1,-1,4
1647,OTHER,T35,67,3,10,35,-1,-1,SELLER,01T35@0,0,67,-1,-1,0
2075,T35,T22,68,2,8,64,-1,64,01T35@0,03T22@1,17,68,-1,-1,1
1677,T35,OTHER,68,2,42,36,-1,-1,06T35@3,BUYER,0,68,-1,-1,4
1675,OTHER,T23,68,1,10,36,-1,-1,SELLER,00T23@0,0,68,-1,-1,0
1674,OTHER,T35,68,2,10,36,-1,-1,SELLER,01T35@0,0,68,-1,-1,0
1672,T23,OTHER,68,2,42,36,-1,-1,07T23@3,BUYER,0,68,-1,-1,4
1671,T23,OTHER,68,1,42,36,-1,-1,07T23@3,BUYER,0,68,-1,-1,4
1669,T35,OTHER,68,4,42,36,-1,-1,06T35@3,BUYER,0,68,-1,-1,4
1666,T23,OTHER,68,1,42,36,-1,-1,07T23@3,BUYER,0,68,-1,-1,4
1665,T35,OTHER,68,3,42,36,-1,-1,06T35@3,BUYER,0,68,-1,-1,4
1664,T23,OTHER,68,2,42,36,-1,-1,07T23@3,BUYER,0,68,-1,-1,4
1663,OTHER,T35,68,3,10,36,-1,-1,SELLER,01T35@0,0,68,-1,-1,0
1661,OTHER,T23,68,2,10,36,-1,-1,SELLER,00T23@0,0,68,-1,-1,0
1660,OTHER,T23,68,4,10,36,-1,-1,SELLER,00T23@0,0,68,-1,-1,0
1659,T23,OTHER,68,1,42,36,-1,-1,07T23@3,BUYER,0,68,-1,-1,4
1658,OTHER,T23,68,1,10,36,-1,-1,SELLER,00T23@0,0,68,-1,-1,0
1657,T23,OTHER,68,4,42,36,-1,-1,07T23@3,BUYER,0,68,-1,-1,4
1667,OTHER,T23,68,4,10,36,-1,-1,SELLER,00T23@0,0,68,-1,-1,0
1662,OTHER,T35,68,3,10,36,-1,-1,SELLER,01T35@0,0,68,-1,-1,0
2091,T23,T22,69,4,1,69,-1,69,00T23@0,03T22@1,7,69,-1,-1,1
2089,T35,T22,69,2,8,69,-1,69,01T35@0,03T22@1,17,69,-1,-1,1
2088,T35,T22,69,2,8,69,-1,69,01T35@0,03T22@1,17,69,-1,-1,1
2086,T35,T22,69,1,8,69,-1,69,01T35@0,03T22@1,17,69,-1,-1,1
2083,T23,T22,69,3,2,67,-1,67,00T23@0,03T22@1,14,69,-1,-1,1
1692,T35,OTHER,69,1,42,37,-1,-1,06T35@3,BUYER,0,69,-1,-1,4
1689,T23,OTHER,69,3,42,37,-1,-1,07T23@3,BUYER,0,69,-1,-1,4
1688,OTHER,T35,69,1,10,37,-1,-1,SELLER,01T35@0,0,69,-1,-1,0
1685,T35,OTHER,69,1,42,37,-1,-1,06T35@3,BUYER,0,69,-1,-1,4
1690,T35,OTHER,69,3,42,37,-1,-1,06T35@3,BUYER,0,69,-1,-1,4
1691,T35,OTHER,69,3,42,37,-1,-1,06T35@3,BUYER,0,69,-1,-1,4
1694,OTHER,T23,69,3,10,37,-1,-1,SELLER,00T23@0,0,69,-1,-1,0
1695,T35,OTHER,69,2,42,37,-1,-1,06T35@3,BUYER,0,69,-1,-1,4
1696,OTHER,T35,69,4,10,37,-1,-1,SELLER,01T35@0,0,69,-1,-1,0
1697,T35,OTHER,69,3,42,37,-1,-1,06T35@3,BUYER,0,69,-1,-1,4
1698,T23,OTHER,69,2,42,37,-1,-1,07T23@3,BUYER,0,69,-1,-1,4
1684,OTHER,T35,69,1,10,37,-1,-1,SELLER,01T35@0,0,69,-1,-1,0
1687,OTHER,T23,69,1,10,37,-1,-1,SELLER,00T23@0,0,69,-1,-1,0
1683,T23,OTHER,69,2,42,37,-1,-1,07T23@3,BUYER,0,69,-1,-1,4
1686,OTHER,T35,69,1,10,37,-1,-1,SELLER,01T35@0,0,69,-1,-1,0
1678,OTHER,T35,69,1,10,37,-1,-1,SELLER,01T35@0,0,69,-1,-1,0
1679,OTHER,T23,69,1,10,37,-1,-1,SELLER,00T23@0,0,69,-1,-1,0
1680,OTHER,T35,69,5,10,37,-1,-1,SELLER,01T35@0,0,69,-1,-1,0
1682,OTHER,T23,69,2,10,37,-1,-1,SELLER,00T23@0,0,69,-1,-1,0
2084,T23,T22,70,5,1,68,-1,68,00T23@0,03T22@1,8,70,-1,-1,1
1720,T23,OTHER,70,2,42,38,-1,-1,07T23@3,BUYER,0,70,-1,-1,4
1700,T35,OTHER,70,2,42,38,-1,-1,06T35@3,BUYER,0,70,-1,-1,4
1702,T23,OTHER,70,2,42,38,-1,-1,07T23@3,BUYER,0,70,-1,-1,4
1703,T23,OTHER,70,5,42,38,-1,-1,07T23@3,BUYER,0,70,-1,-1,4
1718,T23,OTHER,70,1,42,38,-1,-1,07T23@3,BUYER,0,70,-1,-1,4
1706,OTHER,T35,70,2,10,38,-1,-1,SELLER,01T35@0,0,70,-1,-1,0
1704,T35,OTHER,70,3,42,38,-1,-1,06T35@3,BUYER,0,70,-1,-1,4
1709,OTHER,T23,70,3,10,38,-1,-1,SELLER,00T23@0,0,70,-1,-1,0
1708,OTHER,T35,70,2,10,38,-1,-1,SELLER,01T35@0,0,70,-1,-1,0
2081,T23,T22,70,2,4,66,-1,66,00T23@0,03T22@1,16,70,-1,-1,1
1719,OTHER,T35,70,1,10,38,-1,-1,SELLER,01T35@0,0,70,-1,-1,0
1710,OTHER,T23,70,2,10,38,-1,-1,SELLER,00T23@0,0,70,-1,-1,0
1712,T35,OTHER,70,1,42,38,-1,-1,06T35@3,BUYER,0,70,-1,-1,4
1714,OTHER,T23,70,3,10,38,-1,-1,SELLER,00T23@0,0,70,-1,-1,0
1707,OTHER,T35,70,4,10,38,-1,-1,SELLER,01T35@0,0,70,-1,-1,0
1715,T35,OTHER,70,2,42,38,-1,-1,06T35@3,BUYER,0,70,-1,-1,4
1717,T35,OTHER,70,2,42,38,-1,-1,06T35@3,BUYER,0,70,-1,-1,4
1716,OTHER,T35,70,3,10,38,-1,-1,SELLER,01T35@0,0,70,-1,-1,0
1730,T35,OTHER,71,3,42,39,-1,-1,06T35@3,BUYER,0,71,-1,-1,4
2085,T23,T22,71,5,2,68,-1,68,00T23@0,03T22@1,11,71,-1,-1,1
1740,OTHER,T35,71,2,10,39,-1,-1,SELLER,01T35@0,0,71,-1,-1,0
2082,T35,T22,71,2,8,67,-1,67,01T35@0,03T22@1,17,71,-1,-1,1
2090,T23,T22,71,2,3,69,-1,69,00T23@0,03T22@1,13,71,-1,-1,1
1739,OTHER,T35,71,4,10,39,-1,-1,SELLER,01T35@0,0,71,-1,-1,0
1731,T23,OTHER,71,1,42,39,-1,-1,07T23@3,BUYER,0,71,-1,-1,4
1738,T35,OTHER,71,2,42,39,-1,-1,06T35@3,BUYER,0,71,-1,-1,4
1732,T23,OTHER,71,1,42,39,-1,-1,07T23@3,BUYER,0,71,-1,-1,4
1729,T35,OTHER,71,2,42,39,-1,-1,06T35@3,BUYER,0,71,-1,-1,4
1728,OTHER,T23,71,4,10,39,-1,-1,SELLER,00T23@0,0,71,-1,-1,0
1726,T35,OTHER,71,2,42,39,-1,-1,06T35@3,BUYER,0,71,-1,-1,4
1725,OTHER,T23,71,1,10,39,-1,-1,SELLER,00T23@0,0,71,-1,-1,0
1722,OTHER,T35,71,3,10,39,-1,-1,SELLER,01T35@0,0,71,-1,-1,0
1727,OTHER,T23,71,1,10,39,-1,-1,SELLER,00T23@0,0,71,-1,-1,0
1733,T23,OTHER,71,2,42,39,-1,-1,07T23@3,BUYER,0,71,-1,-1,4
1734,T35,OTHER,71,2,42,39,-1,-1,06T35@3,BUYER,0,71,-1,-1,4
1735,OTHER,T35,71,3,10,39,-1,-1,SELLER,01T35@0,0,71,-1,-1,0
1736,T35,OTHER,71,2,42,39,-1,-1,06T35@3,BUYER,0,71,-1,-1,4
1737,T23,OTHER,71,3,42,39,-1,-1,07T23@3,BUYER,0,71,-1,-1,4
1721,OTHER,T35,71,2,10,39,-1,-1,SELLER,01T35@0,0,71,-1,-1,0
1755,T35,OTHER,72,2,42,40,-1,-1,06T35@3,BUYER,0,72,-1,-1,4
1749,T23,OTHER,72,2,42,40,-1,-1,07T23@3,BUYER,0,72,-1,-1,4
1754,T35,OTHER,72,2,42,40,-1,-1,06T35@3,BUYER,0,72,-1,-1,4
1753,OTHER,T23,72,6,10,40,-1,-1,SELLER,00T23@0,0,72,-1,-1,0
1752,OTHER,T35,72,2,10,40,-1,-1,SELLER,01T35@0,0,72,-1,-1,0
1751,OTHER,T35,72,2,10,40,-1,-1,SELLER,01T35@0,0,72,-1,-1,0
1759,T23,OTHER,72,1,42,40,-1,-1,07T23@3,BUYER,0,72,-1,-1,4
1750,OTHER,T23,72,1,10,40,-1,-1,SELLER,00T23@0,0,72,-1,-1,0
1748,T23,OTHER,72,3,42,40,-1,-1,07T23@3,BUYER,0,72,-1,-1,4
1757,T35,OTHER,72,3,42,40,-1,-1,06T35@3,BUYER,0,72,-1,-1,4
1746,OTHER,T35,72,4,10,40,-1,-1,SELLER,01T35@0,0,72,-1,-1,0
1745,T23,OTHER,72,3,42,40,-1,-1,07T23@3,BUYER,0,72,-1,-1,4
1744,OTHER,T23,72,3,10,40,-1,-1,SELLER,00T23@0,0,72,-1,-1,0
1756,T23,OTHER,72,2,42,40,-1,-1,07T23@3,BUYER,0,72,-1,-1,4
2095,T35,T22,72,2,8,72,-1,72,01T35@0,03T22@1,17,72,-1,-1,1
1743,OTHER,T35,72,1,10,40,-1,-1,SELLER,01T35@0,0,72,-1,-1,0
1741,OTHER,T23,72,1,10,40,-1,-1,SELLER,00T23@0,0,72,-1,-1,0
1747,T35,OTHER,72,2,42,40,-1,-1,06T35@3,BUYER,0,72,-1,-1,4
1769,T23,OTHER,73,2,42,41,-1,-1,07T23@3,BUYER,0,73,-1,-1,4
2087,T23,T22,73,2,2,69,-1,69,00T23@0,03T22@1,13,73,-1,-1,1
2096,T23,T22,73,5,1,72,-1,72,00T23@0,03T22@1,7,73,-1,-1,1
1770,OTHER,T23,73,2,10,41,-1,-1,SELLER,00T23@0,0,73,-1,-1,0
1760,T23,OTHER,73,1,42,41,-1,-1,07T23@3,BUYER,0,73,-1,-1,4
1773,OTHER,T23,73,1,10,41,-1,-1,SELLER,00T23@0,0,73,-1,-1,0
1774,T35,OTHER,73,1,42,41,-1,-1,06T35@3,BUYER,0,73,-1,-1,4
1767,T23,OTHER,73,4,42,41,-1,-1,07T23@3,BUYER,0,73,-1,-1,4
1775,OTHER,T35,73,2,10,41,-1,-1,SELLER,01T35@0,0,73,-1,-1,0
1776,T23,OTHER,73,4,42,41,-1,-1,07T23@3,BUYER,0,73,-1,-1,4
1777,T35,OTHER,73,2,42,41,-1,-1,06T35@3,BUYER,0,73,-1,-1,4
1778,T35,OTHER,73,1,42,41,-1,-1,06T35@3,BUYER,0,73,-1,-1,4
1772,OTHER,T35,73,1,10,41,-1,-1,SELLER,01T35@0,0,73,-1,-1,0
1771,OTHER,T35,73,4,10,41,-1,-1,SELLER,01T35@0,0,73,-1,-1,0
1780,OTHER,T23,73,2,10,41,-1,-1,SELLER,00T23@0,0,73,-1,-1,0
1768,OTHER,T23,73,3,10,41,-1,-1,SELLER,00T23@0,0,73,-1,-1,0
1763,OTHER,T23,73,2,10,41,-1,-1,SELLER,00T23@0,0,73,-1,-1,0
1766,OTHER,T35,73,1,10,41,-1,-1,SELLER,01T35@0,0,73,-1,-1,0
1762,T35,OTHER,73,2,42,41,-1,-1,06T35@3,BUYER,0,73,-1,-1,4
1765,T35,OTHER,73,3,42,41,-1,-1,06T35@3,BUYER,0,73,-1,-1,4
1779,OTHER,T35,73,2,10,41,-1,-1,SELLER,01T35@0,0,73,-1,-1,0
1788,OTHER,T23,74,3,10,42,-1,-1,SELLER,00T23@0,0,74,-1,-1,0
1801,T35,OTHER,74,1,42,42,-1,-1,06T35@3,BUYER,0,74,-1,-1,4
1792,T35,OTHER,74,3,42,42,-1,-1,06T35@3,BUYER,0,74,-1,-1,4
1791,T35,OTHER,74,3,42,42,-1,-1,06T35@3,BUYER,0,74,-1,-1,4
1786,OTHER,T23,74,2,10,42,-1,-1,SELLER,00T23@0,0,74,-1,-1,0
1794,OTHER,T35,74,3,10,42,-1,-1,SELLER,01T35@0,0,74,-1,-1,0
1795,OTHER,T35,74,4,10,42,-1,-1,SELLER,01T35@0,0,74,-1,-1,0
1796,OTHER,T35,74,1,10,42,-1,-1,SELLER,01T35@0,0,74,-1,-1,0
1797,T35,OTHER,74,1,42,42,-1,-1,06T35@3,BUYER,0,74,-1,-1,4
1798,T35,OTHER,74,3,42,42,-1,-1,06T35@3,BUYER,0,74,-1,-1,4
1799,T23,OTHER,74,1,42,42,-1,-1,07T23@3,BUYER,0,74,-1,-1,4
1800,OTHER,T35,74,1,10,42,-1,-1,SELLER,01T35@0,0,74,-1,-1,0
2097,T23,T22,74,1,1,72,-1,72,00T23@0,03T22@1,10,74,-1,-1,1
1790,OTHER,T35,74,4,10,42,-1,-1,SELLER,01T35@0,0,74,-1,-1,0
1785,OTHER,T23,74,1,10,42,-1,-1,SELLER,00T23@0,0,74,-1,-1,0
1789,T23,OTHER,74,1,42,42,-1,-1,07T23@3,BUYER,0,74,-1,-1,4
2093,T35,T22,74,2,8,70,-1,70,01T35@0,03T22@1,17,74,-1,-1,1
2101,T23,T22,74,2,1,74,-1,74,00T23@0,03T22@1,10,74,-1,-1,1
1784,OTHER,T35,74,1,10,42,-1,-1,SELLER,01T35@0,0,74,-1,-1,0
2104,T35,T22,74,1,8,74,-1,74,01T35@0,03T22@1,17,74,-1,-1,1
2092,T23,T22,74,1,5,70,-1,70,00T23@0,03T22@1,16,74,-1,-1,1
2105,T35,T22,74,2,8,74,-1,74,01T35@0,03T22@1,17,74,-1,-1,1
1781,T35,OTHER,74,2,42,42,-1,-1,06T35@3,BUYER,0,74,-1,-1,4
1782,T35,OTHER,74,2,42,42,-1,-1,06T35@3,BUYER,0,74,-1,-1,4
1783,T23,OTHER,74,3,42,42,-1,-1,07T23@3,BUYER,0,74,-1,-1,4
1812,T35,OTHER,75,2,42,43,-1,-1,06T35@3,BUYER,0,75,-1,-1,4
1807,OTHER,T35,75,2,10,43,-1,-1,SELLER,01T35@0,0,75,-1,-1,0
1806,OTHER,T23,75,1,10,43,-1,-1,SELLER,00T23@0,0,75,-1,-1,0
1805,T23,OTHER,75,1,42,43,-1,-1,07T23@3,BUYER,0,75,-1,-1,4
1804,OTHER,T23,75,2,10,43,-1,-1,SELLER,00T23@0,0,75,-1,-1,0
1803,T23,OTHER,75,2,42,43,-1,-1,07T23@3,BUYER,0,75,-1,-1,4
1809,OTHER,T23,75,2,10,43,-1,-1,SELLER,00T23@0,0,75,-1,-1,0
1808,OTHER,T23,75,4,10,43,-1,-1,SELLER,00T23@0,0,75,-1,-1,0
1802,OTHER,T35,75,1,10,43,-1,-1,SELLER,01T35@0,0,75,-1,-1,0
2109,T35,T22,75,1,8,75,-1,75,01T35@0,03T22@1,17,75,-1,-1,1
2099,T23,T22,75,5,4,73,-1,73,00T23@0,03T22@1,14,75,-1,-1,1
1810,T23,OTHER,75,3,42,43,-1,-1,07T23@3,BUYER,0,75,-1,-1,4
1814,T23,OTHER,75,4,42,43,-1,-1,07T23@3,BUYER,0,75,-1,-1,4
1815,OTHER,T23,75,1,10,43,-1,-1,SELLER,00T23@0,0,75,-1,-1,0
1816,OTHER,T23,75,1,10,43,-1,-1,SELLER,00T23@0,0,75,-1,-1,0
1817,OTHER,T23,75,1,10,43,-1,-1,SELLER,00T23@0,0,75,-1,-1,0
2098,T23,T22,75,3,4,73,-1,73,00T23@0,03T22@1,16,75,-1,-1,1
2094,T23,T22,75,5,2,71,-1,71,00T23@0,03T22@1,14,75,-1,-1,1
1819,T35,OTHER,75,3,42,43,-1,-1,06T35@3,BUYER,0,75,-1,-1,4
1821,T35,OTHER,75,3,42,43,-1,-1,06T35@3,BUYER,0,75,-1,-1,4
1820,T23,OTHER,75,2,42,43,-1,-1,07T23@3,BUYER,0,75,-1,-1,4
2106,T35,T22,75,2,8,75,-1,75,01T35@0,03T22@1,17,75,-1,-1,1
1811,OTHER,T23,75,5,10,43,-1,-1,SELLER,00T23@0,0,75,-1,-1,0
1836,T23,OTHER,76,2,42,44,-1,-1,07T23@3,BUYER,0,76,-1,-1,4
1833,OTHER,T35,76,1,10,44,-1,-1,SELLER,01T35@0,0,76,-1,-1,0
1830,OTHER,T23,76,1,10,44,-1,-1,SELLER,00T23@0,0,76,-1,-1,0
1829,T23,OTHER,76,3,42,44,-1,-1,07T23@3,BUYER,0,76,-1,-1,4
1825,T35,OTHER,76,4,42,44,-1,-1,06T35@3,BUYER,0,76,-1,-1,4
1834,OTHER,T23,76,3,10,44,-1,-1,SELLER,00T23@0,0,76,-1,-1,0
1828,T35,OTHER,76,1,42,44,-1,-1,06T35@3,BUYER,0,76,-1,-1,4
1826,T23,OTHER,76,2,42,44,-1,-1,07T23@3,BUYER,0,76,-1,-1,4
1835,T35,OTHER,76,1,42,44,-1,-1,06T35@3,BUYER,0,76,-1,-1,4
1827,OTHER,T35,76,5,10,44,-1,-1,SELLER,01T35@0,0,76,-1,-1,0
1832,OTHER,T23,76,1,10,44,-1,-1,SELLER,00T23@0,0,76,-1,-1,0
1823,OTHER,T23,76,1,10,44,-1,-1,SELLER,00T23@0,0,76,-1,-1,0
1831,OTHER,T35,76,2,10,44,-1,-1,SELLER,01T35@0,0,76,-1,-1,0
1838,T35,OTHER,76,1,42,44,-1,-1,06T35@3,BUYER,0,76,-1,-1,4
1841,T35,OTHER,76,3,42,44,-1,-1,06T35@3,BUYER,0,76,-1,-1,4
1842,T23,OTHER,76,1,42,44,-1,-1,07T23@3,BUYER,0,76,-1,-1,4
1843,T23,OTHER,76,2,42,44,-1,-1,07T23@3,BUYER,0,76,-1,-1,4
1844,OTHER,T35,76,1,10,44,-1,-1,SELLER,01T35@0,0,76,-1,-1,0
1822,OTHER,T23,76,3,10,44,-1,-1,SELLER,00T23@0,0,76,-1,-1,0
1845,OTHER,T23,76,2,10,44,-1,-1,SELLER,00T23@0,0,76,-1,-1,0
2103,T23,T22,77,5,2,74,-1,74,00T23@0,03T22@1,12,77,-1,-1,1
2102,T23,T22,77,1,1,74,-1,74,00T23@0,03T22@1,14,77,-1,-1,1
1855,T23,OTHER,77,1,42,45,-1,-1,07T23@3,BUYER,0,77,-1,-1,4
2100,T35,T22,77,2,8,73,-1,73,01T35@0,03T22@1,17,77,-1,-1,1
1853,OTHER,T23,77,1,10,45,-1,-1,SELLER,00T23@0,0,77,-1,-1,0
1848,T35,OTHER,77,1,42,45,-1,-1,06T35@3,BUYER,0,77,-1,-1,4
1852,OTHER,T23,77,2,10,45,-1,-1,SELLER,00T23@0,0,77,-1,-1,0
1851,T35,OTHER,77,4,42,45,-1,-1,06T35@3,BUYER,0,77,-1,-1,4
1854,OTHER,T35,77,1,10,45,-1,-1,SELLER,01T35@0,0,77,-1,-1,0
1857,T23,OTHER,77,3,42,45,-1,-1,07T23@3,BUYER,0,77,-1,-1,4
1860,OTHER,T23,77,3,10,45,-1,-1,SELLER,00T23@0,0,77,-1,-1,0
1859,OTHER,T23,77,2,10,45,-1,-1,SELLER,00T23@0,0,77,-1,-1,0
2108,T23,T22,77,1,6,75,-1,75,00T23@0,03T22@1,16,77,-1,-1,1
1846,OTHER,T35,77,2,10,45,-1,-1,SELLER,01T35@0,0,77,-1,-1,0
2111,T23,T22,77,2,3,76,-1,76,00T23@0,03T22@1,13,77,-1,-1,1
1862,T35,OTHER,77,1,42,45,-1,-1,06T35@3,BUYER,0,77,-1,-1,4
1863,T35,OTHER,77,2,42,45,-1,-1,06T35@3,BUYER,0,77,-1,-1,4
1864,OTHER,T35,77,6,10,45,-1,-1,SELLER,01T35@0,0,77,-1,-1,0
1849,OTHER,T35,77,1,10,45,-1,-1,SELLER,01T35@0,0,77,-1,-1,0
1865,T23,OTHER,77,4,42,45,-1,-1,07T23@3,BUYER,0,77,-1,-1,4
1867,OTHER,T35,77,2,10,45,-1,-1,SELLER,01T35@0,0,77,-1,-1,0
1847,T35,OTHER,77,2,42,45,-1,-1,06T35@3,BUYER,0,77,-1,-1,4
1850,T35,OTHER,77,2,42,45,-1,-1,06T35@3,BUYER,0,77,-1,-1,4
2115,T35,T22,78,2,8,78,-1,78,01T35@0,03T22@1,17,78,-1,-1,1
1881,OTHER,T35,78,2,10,46,-1,-1,SELLER,01T35@0,0,78,-1,-1,0
1887,OTHER,T35,78,3,10,46,-1,-1,SELLER,01T35@0,0,78,-1,-1,0
1886,T35,OTHER,78,3,42,46,-1,-1,06T35@3,BUYER,0,78,-1,-1,4
1884,OTHER,T23,78,2,10,46,-1,-1,SELLER,00T23@0,0,78,-1,-1,0
1882,T35,OTHER,78,4,42,46,-1,-1,06T35@3,BUYER,0,78,-1,-1,4
1880,OTHER,T35,78,1,10,46,-1,-1,SELLER,01T35@0,0,78,-1,-1,0
1879,T35,OTHER,78,1,42,46,-1,-1,06T35@3,BUYER,0,78,-1,-1,4
1878,OTHER,T35,78,3,10,46,-1,-1,SELLER,01T35@0,0,78,-1,-1,0
1877,T23,OTHER,78,4,42,46,-1,-1,07T23@3,BUYER,0,78,-1,-1,4
1876,T23,OTHER,78,2,42,46,-1,-1,07T23@3,BUYER,0,78,-1,-1,4
2107,T23,T22,78,1,4,75,-1,75,00T23@0,03T22@1,17,78,-1,-1,1
1874,T35,OTHER,78,2,42,46,-1,-1,06T35@3,BUYER,0,78,-1,-1,4
1873,OTHER,T23,78,2,10,46,-1,-1,SELLER,00T23@0,0,78,-1,-1,0
1872,OTHER,T23,78,2,10,46,-1,-1,SELLER,00T23@0,0,78,-1,-1,0
1871,OTHER,T23,78,3,10,46,-1,-1,SELLER,00T23@0,0,78,-1,-1,0
1870,T35,OTHER,78,2,42,46,-1,-1,06T35@3,BUYER,0,78,-1,-1,4
1869,OTHER,T35,78,1,10,46,-1,-1,SELLER,01T35@0,0,78,-1,-1,0
2114,T35,T22,78,2,8,78,-1,78,01T35@0,03T22@1,17,78,-1,-1,1
1868,OTHER,T23,78,1,10,46,-1,-1,SELLER,00T23@0,0,78,-1,-1,0
1875,T35,OTHER,78,2,42,46,-1,-1,06T35@3,BUYER,0,78,-1,-1,4
1900,T35,OTHER,79,3,42,47,-1,-1,06T35@3,BUYER,0,79,-1,-1,4
1898,T23,OTHER,79,1,42,47,-1,-1,07T23@3,BUYER,0,79,-1,-1,4
1897,T35,OTHER,79,1,42,47,-1,-1,06T35@3,BUYER,0,79,-1,-1,4
1895,T23,OTHER,79,1,42,47,-1,-1,07T23@3,BUYER,0,79,-1,-1,4
1894,OTHER,T23,79,3,10,47,-1,-1,SELLER,00T23@0,0,79,-1,-1,0
1889,T23,OTHER,79,3,42,47,-1,-1,07T23@3,BUYER,0,79,-1,-1,4
1891,T23,OTHER,79,2,42,47,-1,-1,07T23@3,BUYER,0,79,-1,-1,4
1890,T35,OTHER,79,2,42,47,-1,-1,06T35@3,BUYER,0,79,-1,-1,4
1888,T23,OTHER,79,2,42,47,-1,-1,07T23@3,BUYER,0,79,-1,-1,4
1901,OTHER,T35,79,2,10,47,-1,-1,SELLER,01T35@0,0,79,-1,-1,0
1892,T35,OTHER,79,1,42,47,-1,-1,06T35@3,BUYER,0,79,-1,-1,4
1903,OTHER,T23,79,3,10,47,-1,-1,SELLER,00T23@0,0,79,-1,-1,0
1896,T23,OTHER,79,1,42,47,-1,-1,07T23@3,BUYER,0,79,-1,-1,4
1904,OTHER,T35,79,1,10,47,-1,-1,SELLER,01T35@0,0,79,-1,-1,0
1905,OTHER,T35,79,6,10,47,-1,-1,SELLER,01T35@0,0,79,-1,-1,0
1906,T23,OTHER,79,3,42,47,-1,-1,07T23@3,BUYER,0,79,-1,-1,4
1907,OTHER,T35,79,1,10,47,-1,-1,SELLER,01T35@0,0,79,-1,-1,0
1908,OTHER,T35,79,1,10,47,-1,-1,SELLER,01T35@0,0,79,-1,-1,0
1902,OTHER,T35,79,3,10,47,-1,-1,SELLER,01T35@0,0,79,-1,-1,0
2112,T23,T22,80,5,2,77,-1,77,00T23@0,03T22@1,12,80,-1,-1,1
2120,T23,T22,80,3,1,80,-1,80,00T23@0,03T22@1,12,80,-1,-1,1
2121,T35,T22,80,2,8,80,-1,80,01T35@0,03T22@1,17,80,-1,-1,1
1928,OTHER,T23,80,3,10,48,-1,-1,SELLER,00T23@0,0,80,-1,-1,0
1927,T35,OTHER,80,4,42,48,-1,-1,06T35@3,BUYER,0,80,-1,-1,4
1926,T35,OTHER,80,1,42,48,-1,-1,06T35@3,BUYER,0,80,-1,-1,4
1925,T23,OTHER,80,3,42,48,-1,-1,07T23@3,BUYER,0,80,-1,-1,4
1924,OTHER,T23,80,3,10,48,-1,-1,SELLER,00T23@0,0,80,-1,-1,0
1923,OTHER,T35,80,2,10,48,-1,-1,SELLER,01T35@0,0,80,-1,-1,0
1922,OTHER,T35,80,1,10,48,-1,-1,SELLER,01T35@0,0,80,-1,-1,0
1921,T35,OTHER,80,2,42,48,-1,-1,06T35@3,BUYER,0,80,-1,-1,4
1919,OTHER,T35,80,3,10,48,-1,-1,SELLER,01T35@0,0,80,-1,-1,0
1918,OTHER,T35,80,2,10,48,-1,-1,SELLER,01T35@0,0,80,-1,-1,0
1916,OTHER,T35,80,1,10,48,-1,-1,SELLER,01T35@0,0,80,-1,-1,0
1915,T35,OTHER,80,2,42,48,-1,-1,06T35@3,BUYER,0,80,-1,-1,4
1914,T35,OTHER,80,2,42,48,-1,-1,06T35@3,BUYER,0,80,-1,-1,4
1913,OTHER,T35,80,3,10,48,-1,-1,SELLER,01T35@0,0,80,-1,-1,0
1912,T23,OTHER,80,2,42,48,-1,-1,07T23@3,BUYER,0,80,-1,-1,4
1911,T35,OTHER,80,3,42,48,-1,-1,06T35@3,BUYER,0,80,-1,-1,4
1909,T23,OTHER,80,1,42,48,-1,-1,07T23@3,BUYER,0,80,-1,-1,4
1920,OTHER,T35,80,2,10,48,-1,-1,SELLER,01T35@0,0,80,-1,-1,0
2110,T35,T22,80,2,8,76,-1,76,01T35@0,03T22@1,17,80,-1,-1,1
2125,T35,T22,81,2,8,81,-1,81,01T35@0,03T22@1,17,81,-1,-1,1
2123,T23,T22,81,5,1,81,-1,81,00T23@0,03T22@1,5,81,-1,-1,1
2116,T23,T22,81,1,2,78,-1,78,00T23@0,03T22@1,12,81,-1,-1,1
1950,OTHER,T35,81,1,10,49,-1,-1,SELLER,01T35@0,0,81,-1,-1,0
1937,OTHER,T23,81,4,10,49,-1,-1,SELLER,00T23@0,0,81,-1,-1,0
1938,T23,OTHER,81,2,42,49,-1,-1,07T23@3,BUYER,0,81,-1,-1,4
1942,T23,OTHER,81,2,42,49,-1,-1,07T23@3,BUYER,0,81,-1,-1,4
1943,OTHER,T23,81,3,10,49,-1,-1,SELLER,00T23@0,0,81,-1,-1,0
1936,T23,OTHER,81,1,42,49,-1,-1,07T23@3,BUYER,0,81,-1,-1,4
1935,T23,OTHER,81,1,42,49,-1,-1,07T23@3,BUYER,0,81,-1,-1,4
1944,OTHER,T23,81,2,10,49,-1,-1,SELLER,00T23@0,0,81,-1,-1,0
1945,OTHER,T35,81,3,10,49,-1,-1,SELLER,01T35@0,0,81,-1,-1,0
1946,T35,OTHER,81,1,42,49,-1,-1,06T35@3,BUYER,0,81,-1,-1,4
1940,OTHER,T23,81,1,10,49,-1,-1,SELLER,00T23@0,0,81,-1,-1,0
1934,T35,OTHER,81,1,42,49,-1,-1,06T35@3,BUYER,0,81,-1,-1,4
1947,T35,OTHER,81,2,42,49,-1,-1,06T35@3,BUYER,0,81,-1,-1,4
1930,T23,OTHER,81,4,42,49,-1,-1,07T23@3,BUYER,0,81,-1,-1,4
1948,OTHER,T23,81,1,10,49,-1,-1,SELLER,00T23@0,0,81,-1,-1,0
1929,T35,OTHER,81,2,42,49,-1,-1,06T35@3,BUYER,0,81,-1,-1,4
1949,OTHER,T23,81,1,10,49,-1,-1,SELLER,00T23@0,0,-1,-1,-1,0
1952,OTHER,T35,81,2,10,49,-1,-1,SELLER,01T35@0,0,81,-1,-1,0
1953,OTHER,T23,81,2,10,49,-1,-1,SELLER,00T23@0,0,-1,-1,-1,0
1931,T35,OTHER,81,3,42,49,-1,-1,06T35@3,BUYER,0,81,-1,-1,4
1941,T23,OTHER,81,1,42,49,-1,-1,07T23@3,BUYER,0,81,-1,-1,4
1961,T23,OTHER,82,3,42,50,-1,-1,07T23@3,BUYER,0,82,-1,-1,4
1956,T23,OTHER,82,2,42,50,-1,-1,07T23@3,BUYER,0,82,-1,-1,4
1958,T35,OTHER,82,2,42,50,-1,-1,06T35@3,BUYER,0,82,-1,-1,4
1963,T35,OTHER,82,2,42,50,-1,-1,06T35@3,BUYER,0,82,-1,-1,4
1975,OTHER,T35,82,2,10,50,-1,-1,SELLER,01T35@0,0,82,-1,-1,0
1974,OTHER,T35,82,4,10,50,-1,-1,SELLER,01T35@0,0,82,-1,-1,0
1973,T23,OTHER,82,4,42,50,-1,-1,07T23@3,BUYER,0,82,-1,-1,4
1972,OTHER,T35,82,1,10,50,-1,-1,SELLER,01T35@0,0,82,-1,-1,0
1971,T35,OTHER,82,3,42,50,-1,-1,06T35@3,BUYER,0,82,-1,-1,4
1969,OTHER,T23,82,2,10,50,-1,-1,SELLER,00T23@0,0,-1,-1,-1,0
1968,OTHER,T23,82,2,10,50,-1,-1,SELLER,00T23@0,0,-1,-1,-1,0
1966,T23,OTHER,82,3,42,50,-1,-1,07T23@3,BUYER,0,82,-1,-1,4
1962,OTHER,T23,82,1,10,50,-1,-1,SELLER,00T23@0,0,-1,-1,-1,0
1957,OTHER,T23,82,2,10,50,-1,-1,SELLER,00T23@0,0,-1,-1,-1,0
1964,OTHER,T35,82,1,10,50,-1,-1,SELLER,01T35@0,0,82,-1,-1,0
1955,OTHER,T23,82,2,10,50,-1,-1,SELLER,00T23@0,0,-1,-1,-1,0
1954,T35,OTHER,82,1,42,50,-1,-1,06T35@3,BUYER,0,82,-1,-1,4
2126,T23,T22,82,2,1,81,-1,81,00T23@0,03T22@1,9,82,-1,-1,1
2113,T23,T22,82,4,1,78,-1,78,00T23@0,03T22@1,11,82,-1,-1,1
1965,OTHER,T35,82,3,10,50,-1,-1,SELLER,01T35@0,0,82,-1,-1,0
2129,T35,T22,83,1,8,83,-1,83,01T35@0,03T22@1,17,83,-1,-1,1
2124,T35,T22,83,1,8,81,-1,81,01T35@0,03T22@1,17,83,-1,-1,1
2122,T23,T22,83,3,6,80,-1,80,00T23@0,03T22@1,16,-1,-1,-1,1
2118,T23,T22,83,3,5,79,-1,79,00T23@0,03T22@1,16,-1,-1,-1,1
1976,OTHER,T23,83,3,10,51,-1,-1,SELLER,00T23@0,0,-1,-1,-1,0
1977,OTHER,T23,83,1,10,51,-1,-1,SELLER,00T23@0,0,-1,-1,-1,0
1978,OTHER,T23,83,1,10,51,-1,-1,SELLER,00T23@0,0,-1,-1,-1,0
1979,OTHER,T23,83,1,10,51,-1,-1,SELLER,00T23@0,0,-1,-1,-1,0
2117,T35,T22,83,2,8,79,-1,79,01T35@0,03T22@1,17,83,-1,-1,1
1981,T35,OTHER,83,1,42,51,-1,-1,06T35@3,BUYER,0,83,-1,-1,4
1982,OTHER,T35,83,3,10,51,-1,-1,SELLER,01T35@0,0,83,-1,-1,0
1984,T35,OTHER,83,3,42,51,-1,-1,06T35@3,BUYER,0,83,-1,-1,4
1996,T23,OTHER,83,3,42,51,-1,-1,07T23@3,BUYER,0,83,-1,-1,4
1994,T23,OTHER,83,1,42,51,-1,-1,07T23@3,BUYER,0,83,-1,-1,4
1993,T35,OTHER,83,4,42,51,-1,-1,06T35@3,BUYER,0,83,-1,-1,4
1992,T23,OTHER,83,1,42,51,-1,-1,07T23@3,BUYER,0,83,-1,-1,4
1983,T35,OTHER,83,1,42,51,-1,-1,06T35@3,BUYER,0,83,-1,-1,4
1991,T23,OTHER,83,2,42,51,-1,-1,07T23@3,BUYER,0,83,-1,-1,4
1980,T35,OTHER,83,2,42,51,-1,-1,06T35@3,BUYER,0,83,-1,-1,4
1989,OTHER,T23,83,5,10,51,-1,-1,SELLER,00T23@0,0,-1,-1,-1,0
1988,T23,OTHER,83,2,42,51,-1,-1,07T23@3,BUYER,0,83,-1,-1,4
1987,OTHER,T35,83,1,10,51,-1,-1,SELLER,01T35@0,0,83,-1,-1,0
1986,OTHER,T35,83,1,10,51,-1,-1,SELLER,01T35@0,0,83,-1,-1,0
1985,OTHER,T23,83,2,10,51,-1,-1,SELLER,00T23@0,0,-1,-1,-1,0
1990,OTHER,T35,83,2,10,51,-1,-1,SELLER,01T35@0,0,83,-1,-1,0
2127,T23,T22,84,2,5,81,-1,81,00T23@0,03T22@1,15,-1,-1,-1,1
2128,T23,T22,84,5,1,82,-1,82,00T23@0,03T22@1,9,-1,-1,-1,1
2119,T35,T22,84,2,8,80,-1,80,01T35@0,03T22@1,17,84,-1,-1,1
2131,T35,T22,84,1,8,84,-1,84,01T35@0,03T22@1,17,84,-1,-1,1
1997,T35,OTHER,84,1,42,52,-1,-1,06T35@3,BUYER,0,84,-1,-1,4
2000,T35,OTHER,84,3,42,52,-1,-1,06T35@3,BUYER,0,84,-1,-1,4
2001,T23,OTHER,84,1,42,52,-1,-1,07T23@3,BUYER,0,84,-1,-1,4
2002,T23,OTHER,84,2,42,52,-1,-1,07T23@3,BUYER,0,84,-1,-1,4
2003,T35,OTHER,84,4,42,52,-1,-1,06T35@3,BUYER,0,84,-1,-1,4
2004,T23,OTHER,84,3,42,52,-1,-1,07T23@3,BUYER,0,84,-1,-1,4
2005,T23,OTHER,84,2,42,52,-1,-1,07T23@3,BUYER,0,84,-1,-1,4
2006,T23,OTHER,84,2,42,52,-1,-1,07T23@3,BUYER,0,84,-1,-1,4
2008,T35,OTHER,84,1,42,52,-1,-1,06T35@3,BUYER,0,84,-1,-1,4
2010,T23,OTHER,84,1,42,52,-1,-1,07T23@3,BUYER,0,84,-1,-1,4
2130,T23,T22,85,4,2,83,-1,83,00T23@0,03T22@1,12,-1,-1,-1,1
2018,T23,OTHER,85,3,42,53,-1,-1,07T23@3,BUYER,0,85,-1,-1,4
2021,T35,OTHER,85,1,42,53,-1,-1,06T35@3,BUYER,0,85,-1,-1,4
2017,T35,OTHER,85,2,42,53,-1,-1,06T35@3,BUYER,0,85,-1,-1,4
2016,T35,OTHER,85,3,42,53,-1,-1,06T35@3,BUYER,0,85,-1,-1,4
2014,T35,OTHER,85,2,42,53,-1,-1,06T35@3,BUYER,0,85,-1,-1,4
2019,T35,OTHER,85,3,42,53,-1,-1,06T35@3,BUYER,0,85,-1,-1,4
2013,T35,OTHER,85,2,42,53,-1,-1,06T35@3,BUYER,0,85,-1,-1,4
2012,T23,OTHER,85,1,42,53,-1,-1,07T23@3,BUYER,0,85,-1,-1,4
2015,T35,OTHER,85,3,42,53,-1,-1,06T35@3,BUYER,0,85,-1,-1,4
2025,T23,OTHER,86,1,42,54,-1,-1,07T23@3,BUYER,0,86,-1,-1,4
2026,T23,OTHER,86,2,42,54,-1,-1,07T23@3,BUYER,0,86,-1,-1,4
2027,T35,OTHER,86,2,42,54,-1,-1,06T35@3,BUYER,0,86,-1,-1,4
2028,T23,OTHER,86,1,42,54,-1,-1,07T23@3,BUYER,0,86,-1,-1,4
2022,T35,OTHER,86,1,42,54,-1,-1,06T35@3,BUYER,0,86,-1,-1,4
2031,T35,OTHER,86,5,42,54,-1,-1,06T35@3,BUYER,0,86,-1,-1,4
2032,T23,OTHER,86,4,42,54,-1,-1,07T23@3,BUYER,0,86,-1,-1,4
2033,T23,OTHER,86,1,42,54,-1,-1,07T23@3,BUYER,0,86,-1,-1,4
2024,T23,OTHER,86,2,42,54,-1,-1,07T23@3,BUYER,0,86,-1,-1,4
2023,T35,OTHER,86,1,42,54,-1,-1,06T35@3,BUYER,0,86,-1,-1,4
2036,T23,OTHER,87,2,42,55,-1,-1,07T23@3,BUYER,0,87,-1,-1,4
2038,T23,OTHER,87,2,42,55,-1,-1,07T23@3,BUYER,0,87,-1,-1,4
2039,T23,OTHER,87,3,42,55,-1,-1,07T23@3,BUYER,0,87,-1,-1,4
2040,T35,OTHER,87,2,42,55,-1,-1,06T35@3,BUYER,0,87,-1,-1,4
2041,T23,OTHER,87,1,42,55,-1,-1,07T23@3,BUYER,0,87,-1,-1,4
2043,T23,OTHER,87,2,42,55,-1,-1,07T23@3,BUYER,0,87,-1,-1,4
2044,T35,OTHER,87,1,42,55,-1,-1,06T35@3,BUYER,0,87,-1,-1,4
2034,T35,OTHER,87,4,42,55,-1,-1,06T35@3,BUYER,0,87,-1,-1,4
2042,T35,OTHER,87,3,42,55,-1,-1,06T35@3,BUYER,0,87,-1,-1,4
