index,seller_type,buyer_type,delivery_time,quantity,unit_price,signed_at,nullified_at,concluded_at,seller,buyer,n_neg_steps,executed_at,erred_at,dropped_at,product
30,OTHER,T36,0,1,10,0,-1,-1,SELLER,00T36@0,0,0,-1,-1,0
28,OTHER,T35,0,3,10,0,-1,-1,SELLER,01T35@0,0,0,-1,-1,0
191,OTHER,T36,0,4,10,0,-1,-1,SELLER,00T36@0,0,0,-1,-1,0
157,OTHER,T35,0,1,10,0,-1,-1,SELLER,01T35@0,0,0,-1,-1,0
58,OTHER,T36,0,1,10,0,-1,-1,SELLER,00T36@0,0,0,-1,-1,0
187,OTHER,T36,0,1,10,0,-1,-1,SELLER,00T36@0,0,0,-1,-1,0
284,OTHER,T35,0,2,10,0,-1,-1,SELLER,01T35@0,0,0,-1,-1,0
235,OTHER,T35,0,4,10,0,-1,-1,SELLER,01T35@0,0,0,-1,-1,0
229,OTHER,T36,0,3,10,0,-1,-1,SELLER,00T36@0,0,0,-1,-1,0
26,OTHER,T36,1,4,10,0,-1,-1,SELLER,00T36@0,0,1,-1,-1,0
65,OTHER,T36,1,1,10,0,-1,-1,SELLER,00T36@0,0,1,-1,-1,0
158,OTHER,T36,1,1,10,0,-1,-1,SELLER,00T36@0,0,1,-1,-1,0
280,OTHER,T35,1,1,10,0,-1,-1,SELLER,01T35@0,0,1,-1,-1,0
283,OTHER,T35,1,1,10,0,-1,-1,SELLER,01T35@0,0,1,-1,-1,0
39,OTHER,T35,1,2,10,0,-1,-1,SELLER,01T35@0,0,1,-1,-1,0
334,T35,T36,1,1,22,1,-1,1,07T35@3,09T36@4,17,1,-1,-1,4
342,T35,T36,1,1,22,1,-1,1,07T35@3,08T36@4,17,1,-1,-1,4
72,OTHER,T35,1,4,10,0,-1,-1,SELLER,01T35@0,0,1,-1,-1,0
51,OTHER,T35,1,1,10,0,-1,-1,SELLER,01T35@0,0,1,-1,-1,0
352,T22,T35,1,3,52,1,-1,1,05T22@2,07T35@3,17,1,-1,-1,3
359,T35,T36,1,1,22,1,-1,1,07T35@3,08T36@4,17,1,-1,-1,4
67,OTHER,T36,1,1,10,0,-1,-1,SELLER,00T36@0,0,1,-1,-1,0
4,OTHER,T35,1,2,10,0,-1,-1,SELLER,01T35@0,0,1,-1,-1,0
182,OTHER,T35,1,2,10,0,-1,-1,SELLER,01T35@0,0,1,-1,-1,0
358,T35,T36,1,1,22,1,-1,1,07T35@3,09T36@4,17,1,-1,-1,4
31,OTHER,T35,2,2,10,0,-1,-1,SELLER,01T35@0,0,2,-1,-1,0
286,OTHER,T35,2,3,10,0,-1,-1,SELLER,01T35@0,0,2,-1,-1,0
129,OTHER,T35,2,3,10,0,-1,-1,SELLER,01T35@0,0,2,-1,-1,0
114,OTHER,T35,2,1,10,0,-1,-1,SELLER,01T35@0,0,2,-1,-1,0
79,OTHER,T36,2,1,10,0,-1,-1,SELLER,00T36@0,0,2,-1,-1,0
239,OTHER,T36,2,2,10,0,-1,-1,SELLER,00T36@0,0,2,-1,-1,0
356,T22,T35,2,3,52,1,-1,1,05T22@2,07T35@3,17,2,-1,-1,3
226,OTHER,T35,2,1,10,0,-1,-1,SELLER,01T35@0,0,2,-1,-1,0
22,OTHER,T36,2,2,10,0,-1,-1,SELLER,00T36@0,0,2,-1,-1,0
6,OTHER,T36,2,2,10,0,-1,-1,SELLER,00T36@0,0,2,-1,-1,0
93,OTHER,T36,2,2,10,0,-1,-1,SELLER,00T36@0,0,2,-1,-1,0
266,OTHER,T35,2,1,10,0,-1,-1,SELLER,01T35@0,0,2,-1,-1,0
332,T35,T36,3,12,26,1,-1,1,07T35@3,08T36@4,17,3,-1,-1,4
64,OTHER,T35,3,4,10,0,-1,-1,SELLER,01T35@0,0,3,-1,-1,0
205,OTHER,T35,3,3,10,0,-1,-1,SELLER,01T35@0,0,3,-1,-1,0
68,OTHER,T36,3,2,10,0,-1,-1,SELLER,00T36@0,0,3,-1,-1,0
154,OTHER,T36,3,1,10,0,-1,-1,SELLER,00T36@0,0,3,-1,-1,0
104,OTHER,T36,3,6,10,0,-1,-1,SELLER,00T36@0,0,3,-1,-1,0
348,T35,T36,3,11,21,1,-1,1,07T35@3,09T36@4,17,3,-1,-1,4
255,OTHER,T35,3,1,10,0,-1,-1,SELLER,01T35@0,0,3,-1,-1,0
343,T22,T35,3,3,52,1,-1,1,05T22@2,07T35@3,17,3,-1,-1,3
340,T35,T36,3,10,26,1,-1,1,07T35@3,08T36@4,17,3,-1,-1,4
216,OTHER,T35,3,3,10,0,-1,-1,SELLER,01T35@0,0,3,-1,-1,0
338,T35,T36,3,13,26,1,-1,1,07T35@3,09T36@4,17,3,-1,-1,4
345,T35,T36,3,10,26,1,-1,1,07T35@3,09T36@4,17,3,-1,-1,4
215,OTHER,T36,4,3,10,0,-1,-1,SELLER,00T36@0,0,4,-1,-1,0
242,OTHER,T35,4,3,10,0,-1,-1,SELLER,01T35@0,0,4,-1,-1,0
125,OTHER,T36,4,3,10,0,-1,-1,SELLER,00T36@0,0,4,-1,-1,0
162,OTHER,T35,4,1,10,0,-1,-1,SELLER,01T35@0,0,4,-1,-1,0
176,OTHER,T36,4,3,10,0,-1,-1,SELLER,00T36@0,0,4,-1,-1,0
331,T35,T36,4,10,21,1,-1,1,07T35@3,08T36@4,17,4,-1,-1,4
131,OTHER,T35,4,2,10,0,-1,-1,SELLER,01T35@0,0,4,-1,-1,0
264,OTHER,T35,4,1,10,0,-1,-1,SELLER,01T35@0,0,4,-1,-1,0
40,OTHER,T36,4,3,10,0,-1,-1,SELLER,00T36@0,0,4,-1,-1,0
248,OTHER,T36,4,1,10,0,-1,-1,SELLER,00T36@0,0,4,-1,-1,0
366,T35,T36,4,8,26,2,-1,2,07T35@3,09T36@4,17,4,-1,-1,4
70,OTHER,T36,5,2,10,0,-1,-1,SELLER,00T36@0,0,5,-1,-1,0
86,T36,OTHER,5,3,57,0,-1,-1,09T36@4,BUYER,0,5,-1,-1,5
119,OTHER,T36,5,1,10,0,-1,-1,SELLER,00T36@0,0,5,-1,-1,0
88,T36,OTHER,5,1,57,0,-1,-1,08T36@4,BUYER,0,5,-1,-1,5
246,OTHER,T35,5,2,10,0,-1,-1,SELLER,01T35@0,0,5,-1,-1,0
84,T36,OTHER,5,2,57,0,-1,-1,08T36@4,BUYER,0,5,-1,-1,5
134,OTHER,T35,5,1,10,0,-1,-1,SELLER,01T35@0,0,5,-1,-1,0
59,T36,OTHER,5,3,57,0,-1,-1,08T36@4,BUYER,0,5,-1,-1,5
174,OTHER,T36,5,3,10,0,-1,-1,SELLER,00T36@0,0,5,-1,-1,0
177,T36,OTHER,5,1,57,0,-1,-1,08T36@4,BUYER,0,5,-1,-1,5
279,T36,OTHER,5,1,57,0,-1,-1,08T36@4,BUYER,0,5,-1,-1,5
152,OTHER,T35,5,2,10,0,-1,-1,SELLER,01T35@0,0,5,-1,-1,0
197,T36,OTHER,5,1,57,0,-1,-1,09T36@4,BUYER,0,5,-1,-1,5
223,T36,OTHER,5,2,57,0,-1,-1,09T36@4,BUYER,0,5,-1,-1,5
164,T36,OTHER,5,2,57,0,-1,-1,09T36@4,BUYER,0,5,-1,-1,5
43,OTHER,T35,5,2,10,0,-1,-1,SELLER,01T35@0,0,5,-1,-1,0
399,T35,T36,5,6,25,3,-1,3,07T35@3,08T36@4,17,5,-1,-1,4
142,OTHER,T36,5,1,10,0,-1,-1,SELLER,00T36@0,0,5,-1,-1,0
213,OTHER,T35,5,2,10,0,-1,-1,SELLER,01T35@0,0,5,-1,-1,0
133,T36,OTHER,5,3,57,0,-1,-1,09T36@4,BUYER,0,5,-1,-1,5
368,T35,T36,5,11,21,2,-1,2,07T35@3,08T36@4,17,5,-1,-1,4
237,OTHER,T36,5,2,10,0,-1,-1,SELLER,00T36@0,0,5,-1,-1,0
285,OTHER,T36,5,2,10,0,-1,-1,SELLER,00T36@0,0,5,-1,-1,0
165,T36,OTHER,5,1,57,0,-1,-1,09T36@4,BUYER,0,5,-1,-1,5
179,OTHER,T35,6,3,10,0,-1,-1,SELLER,01T35@0,0,6,-1,-1,0
192,T36,OTHER,6,1,57,0,-1,-1,08T36@4,BUYER,0,6,-1,-1,5
265,OTHER,T36,6,3,10,0,-1,-1,SELLER,00T36@0,0,6,-1,-1,0
194,T36,OTHER,6,2,57,0,-1,-1,09T36@4,BUYER,0,6,-1,-1,5
108,T36,OTHER,6,1,57,0,-1,-1,08T36@4,BUYER,0,6,-1,-1,5
271,T36,OTHER,6,1,57,0,-1,-1,08T36@4,BUYER,0,6,-1,-1,5
275,OTHER,T35,6,1,10,0,-1,-1,SELLER,01T35@0,0,6,-1,-1,0
278,T36,OTHER,6,3,57,0,-1,-1,09T36@4,BUYER,0,6,-1,-1,5
123,OTHER,T35,6,1,10,0,-1,-1,SELLER,01T35@0,0,6,-1,-1,0
287,OTHER,T35,6,2,10,0,-1,-1,SELLER,01T35@0,0,6,-1,-1,0
288,T36,OTHER,6,2,57,0,-1,-1,08T36@4,BUYER,0,6,-1,-1,5
128,T36,OTHER,6,1,57,0,-1,-1,09T36@4,BUYER,0,6,-1,-1,5
270,OTHER,T36,6,2,10,0,-1,-1,SELLER,00T36@0,0,6,-1,-1,0
214,OTHER,T35,6,1,10,0,-1,-1,SELLER,01T35@0,0,6,-1,-1,0
330,T22,T35,6,3,52,1,-1,1,05T22@2,07T35@3,17,6,-1,-1,3
19,OTHER,T36,6,1,10,0,-1,-1,SELLER,00T36@0,0,6,-1,-1,0
73,OTHER,T36,6,3,10,0,-1,-1,SELLER,00T36@0,0,6,-1,-1,0
8,OTHER,T35,6,3,10,0,-1,-1,SELLER,01T35@0,0,6,-1,-1,0
61,T36,OTHER,6,3,57,0,-1,-1,08T36@4,BUYER,0,6,-1,-1,5
7,T36,OTHER,6,1,57,0,-1,-1,09T36@4,BUYER,0,6,-1,-1,5
71,T36,OTHER,6,2,57,0,-1,-1,08T36@4,BUYER,0,6,-1,-1,5
222,T36,OTHER,6,1,57,0,-1,-1,08T36@4,BUYER,0,6,-1,-1,5
9,T36,OTHER,6,2,57,0,-1,-1,09T36@4,BUYER,0,6,-1,-1,5
422,T35,T36,6,6,25,4,-1,4,07T35@3,09T36@4,17,6,-1,-1,4
395,T35,T36,6,9,26,3,-1,3,07T35@3,09T36@4,17,6,-1,-1,4
44,T36,OTHER,7,1,57,0,-1,-1,08T36@4,BUYER,0,7,-1,-1,5
200,T36,OTHER,7,2,57,0,-1,-1,09T36@4,BUYER,0,7,-1,-1,5
421,T35,T36,7,10,21,4,-1,4,07T35@3,08T36@4,17,7,-1,-1,4
193,OTHER,T36,7,1,10,0,-1,-1,SELLER,00T36@0,0,7,-1,-1,0
56,T36,OTHER,7,2,57,0,-1,-1,09T36@4,BUYER,0,7,-1,-1,5
202,T36,OTHER,7,1,57,0,-1,-1,09T36@4,BUYER,0,7,-1,-1,5
32,OTHER,T35,7,3,10,0,-1,-1,SELLER,01T35@0,0,7,-1,-1,0
163,OTHER,T36,7,1,10,0,-1,-1,SELLER,00T36@0,0,7,-1,-1,0
274,OTHER,T36,7,3,10,0,-1,-1,SELLER,00T36@0,0,7,-1,-1,0
252,OTHER,T35,7,2,10,0,-1,-1,SELLER,01T35@0,0,7,-1,-1,0
238,T36,OTHER,7,2,57,0,-1,-1,09T36@4,BUYER,0,7,-1,-1,5
11,T36,OTHER,7,1,57,0,-1,-1,09T36@4,BUYER,0,7,-1,-1,5
118,T36,OTHER,7,1,57,0,-1,-1,09T36@4,BUYER,0,7,-1,-1,5
89,OTHER,T36,7,2,10,0,-1,-1,SELLER,00T36@0,0,7,-1,-1,0
258,OTHER,T36,7,1,10,0,-1,-1,SELLER,00T36@0,0,7,-1,-1,0
2,T36,OTHER,7,4,57,0,-1,-1,09T36@4,BUYER,0,7,-1,-1,5
230,T36,OTHER,7,4,57,0,-1,-1,08T36@4,BUYER,0,7,-1,-1,5
95,T36,OTHER,7,1,57,0,-1,-1,08T36@4,BUYER,0,7,-1,-1,5
241,OTHER,T36,7,1,10,0,-1,-1,SELLER,00T36@0,0,7,-1,-1,0
185,T36,OTHER,7,1,57,0,-1,-1,08T36@4,BUYER,0,7,-1,-1,5
178,OTHER,T36,7,3,10,0,-1,-1,SELLER,00T36@0,0,7,-1,-1,0
112,OTHER,T35,7,3,10,0,-1,-1,SELLER,01T35@0,0,7,-1,-1,0
155,OTHER,T35,8,1,10,0,-1,-1,SELLER,01T35@0,0,8,-1,-1,0
473,T35,T36,8,8,26,6,-1,6,07T35@3,08T36@4,17,8,-1,-1,4
35,T36,OTHER,8,1,57,0,-1,-1,08T36@4,BUYER,0,8,-1,-1,5
143,T36,OTHER,8,1,57,0,-1,-1,09T36@4,BUYER,0,8,-1,-1,5
227,T36,OTHER,8,2,57,0,-1,-1,08T36@4,BUYER,0,8,-1,-1,5
282,OTHER,T36,8,1,10,0,-1,-1,SELLER,00T36@0,0,8,-1,-1,0
14,OTHER,T35,8,4,10,0,-1,-1,SELLER,01T35@0,0,8,-1,-1,0
231,T36,OTHER,8,2,57,0,-1,-1,08T36@4,BUYER,0,8,-1,-1,5
21,T36,OTHER,8,3,57,0,-1,-1,09T36@4,BUYER,0,8,-1,-1,5
98,OTHER,T35,8,1,10,0,-1,-1,SELLER,01T35@0,0,8,-1,-1,0
253,T36,OTHER,8,3,57,0,-1,-1,08T36@4,BUYER,0,8,-1,-1,5
45,T36,OTHER,8,1,57,0,-1,-1,09T36@4,BUYER,0,8,-1,-1,5
263,OTHER,T35,8,2,10,0,-1,-1,SELLER,01T35@0,0,8,-1,-1,0
217,T36,OTHER,8,3,57,0,-1,-1,08T36@4,BUYER,0,8,-1,-1,5
60,OTHER,T36,8,3,10,0,-1,-1,SELLER,00T36@0,0,8,-1,-1,0
261,OTHER,T36,8,1,10,0,-1,-1,SELLER,00T36@0,0,8,-1,-1,0
306,T36,OTHER,8,3,57,-1,-1,-1,09T36@4,BUYER,0,-1,-1,-1,5
141,OTHER,T36,8,1,10,0,-1,-1,SELLER,00T36@0,0,8,-1,-1,0
110,OTHER,T36,8,2,10,0,-1,-1,SELLER,00T36@0,0,8,-1,-1,0
234,T36,OTHER,8,1,57,0,-1,-1,08T36@4,BUYER,0,8,-1,-1,5
49,OTHER,T36,8,2,10,0,-1,-1,SELLER,00T36@0,0,8,-1,-1,0
391,T22,T35,8,3,52,3,-1,3,05T22@2,07T35@3,17,8,-1,-1,3
138,OTHER,T35,8,2,10,0,-1,-1,SELLER,01T35@0,0,8,-1,-1,0
15,T36,OTHER,9,2,57,0,-1,-1,09T36@4,BUYER,0,9,-1,-1,5
16,T36,OTHER,9,2,57,0,-1,-1,09T36@4,BUYER,0,9,-1,-1,5
170,OTHER,T35,9,1,10,0,-1,-1,SELLER,01T35@0,0,9,-1,-1,0
526,T35,T36,9,2,22,9,-1,9,07T35@3,09T36@4,17,9,-1,-1,4
496,T35,T36,9,8,26,7,-1,7,07T35@3,09T36@4,17,9,-1,-1,4
186,OTHER,T35,9,5,10,0,-1,-1,SELLER,01T35@0,0,9,-1,-1,0
180,OTHER,T36,9,2,10,0,-1,-1,SELLER,00T36@0,0,9,-1,-1,0
492,T35,T36,9,8,26,7,-1,7,07T35@3,08T36@4,17,9,-1,-1,4
319,T36,OTHER,9,3,57,-1,-1,-1,09T36@4,BUYER,0,-1,-1,-1,5
442,T35,T36,9,8,21,5,-1,5,07T35@3,08T36@4,17,9,-1,-1,4
105,T36,OTHER,9,3,57,0,-1,-1,08T36@4,BUYER,0,9,-1,-1,5
299,T36,OTHER,9,1,57,-1,-1,-1,09T36@4,BUYER,0,-1,-1,-1,5
339,T22,T35,9,3,53,1,-1,1,05T22@2,07T35@3,17,9,-1,-1,3
116,OTHER,T35,9,1,10,0,-1,-1,SELLER,01T35@0,0,9,-1,-1,0
23,T36,OTHER,9,1,57,0,-1,-1,08T36@4,BUYER,0,9,-1,-1,5
294,T36,OTHER,9,1,57,-1,-1,-1,09T36@4,BUYER,0,-1,-1,-1,5
90,OTHER,T35,9,1,10,0,-1,-1,SELLER,01T35@0,0,9,-1,-1,0
83,T36,OTHER,9,1,57,0,-1,-1,09T36@4,BUYER,0,9,-1,-1,5
220,OTHER,T36,9,3,10,0,-1,-1,SELLER,00T36@0,0,9,-1,-1,0
102,OTHER,T36,9,1,10,0,-1,-1,SELLER,00T36@0,0,9,-1,-1,0
289,T36,OTHER,9,3,57,-1,-1,-1,09T36@4,BUYER,0,-1,-1,-1,5
199,OTHER,T35,9,1,10,0,-1,-1,SELLER,01T35@0,0,9,-1,-1,0
46,OTHER,T36,9,3,10,0,-1,-1,SELLER,00T36@0,0,9,-1,-1,0
439,T35,T36,9,8,21,5,-1,5,07T35@3,09T36@4,17,9,-1,-1,4
34,OTHER,T35,9,1,10,0,-1,-1,SELLER,01T35@0,0,9,-1,-1,0
326,T36,OTHER,9,2,57,-1,-1,-1,09T36@4,BUYER,0,-1,-1,-1,5
130,T36,OTHER,9,1,57,0,-1,-1,09T36@4,BUYER,0,9,-1,-1,5
243,OTHER,T35,9,1,10,0,-1,-1,SELLER,01T35@0,0,9,-1,-1,0
206,T36,OTHER,10,2,57,0,-1,-1,08T36@4,BUYER,0,10,-1,-1,5
201,OTHER,T35,10,2,10,0,-1,-1,SELLER,01T35@0,0,10,-1,-1,0
240,OTHER,T35,10,2,10,0,-1,-1,SELLER,01T35@0,0,10,-1,-1,0
225,OTHER,T35,10,1,10,0,-1,-1,SELLER,01T35@0,0,10,-1,-1,0
247,OTHER,T36,10,1,10,0,-1,-1,SELLER,00T36@0,0,10,-1,-1,0
198,OTHER,T36,10,1,10,0,-1,-1,SELLER,00T36@0,0,10,-1,-1,0
296,T36,OTHER,10,3,57,-1,-1,-1,08T36@4,BUYER,0,-1,-1,-1,5
29,OTHER,T36,10,2,10,0,-1,-1,SELLER,00T36@0,0,10,-1,-1,0
461,T35,T36,10,9,21,6,-1,6,07T35@3,09T36@4,17,10,-1,-1,4
33,T36,OTHER,10,1,57,0,-1,-1,08T36@4,BUYER,0,10,-1,-1,5
120,OTHER,T36,10,4,10,0,-1,-1,SELLER,00T36@0,0,10,-1,-1,0
121,T36,OTHER,10,2,57,0,-1,-1,08T36@4,BUYER,0,10,-1,-1,5
516,T35,T36,10,6,25,8,-1,8,07T35@3,09T36@4,17,10,-1,-1,4
320,T36,OTHER,10,4,57,-1,-1,-1,09T36@4,BUYER,0,-1,-1,-1,5
188,OTHER,T35,10,1,10,0,-1,-1,SELLER,01T35@0,0,10,-1,-1,0
136,T36,OTHER,10,2,57,0,-1,-1,08T36@4,BUYER,0,10,-1,-1,5
349,T22,T35,10,3,53,1,-1,1,05T22@2,07T35@3,17,10,-1,-1,3
55,T36,OTHER,10,3,57,0,-1,-1,09T36@4,BUYER,0,10,-1,-1,5
53,OTHER,T36,10,1,10,0,-1,-1,SELLER,00T36@0,0,10,-1,-1,0
268,OTHER,T36,10,2,10,0,-1,-1,SELLER,00T36@0,0,10,-1,-1,0
25,T36,OTHER,10,1,57,0,-1,-1,08T36@4,BUYER,0,10,-1,-1,5
257,T36,OTHER,10,2,57,0,-1,-1,09T36@4,BUYER,0,10,-1,-1,5
106,OTHER,T35,10,3,10,0,-1,-1,SELLER,01T35@0,0,10,-1,-1,0
62,T36,OTHER,11,1,57,0,-1,-1,08T36@4,BUYER,0,11,-1,-1,5
80,T36,OTHER,11,4,57,0,-1,-1,08T36@4,BUYER,0,11,-1,-1,5
24,OTHER,T36,11,2,10,0,-1,-1,SELLER,00T36@0,0,11,-1,-1,0
41,OTHER,T35,11,2,10,0,-1,-1,SELLER,01T35@0,0,11,-1,-1,0
218,OTHER,T36,11,1,10,0,-1,-1,SELLER,00T36@0,0,11,-1,-1,0
316,T36,OTHER,11,2,57,-1,-1,-1,08T36@4,BUYER,0,-1,-1,-1,5
313,T36,OTHER,11,3,57,-1,-1,-1,09T36@4,BUYER,0,-1,-1,-1,5
17,T36,OTHER,11,1,57,0,-1,-1,09T36@4,BUYER,0,11,-1,-1,5
122,OTHER,T36,11,1,10,0,-1,-1,SELLER,00T36@0,0,11,-1,-1,0
295,T36,OTHER,11,2,57,-1,-1,-1,09T36@4,BUYER,0,-1,-1,-1,5
291,T36,OTHER,11,2,57,-1,-1,-1,09T36@4,BUYER,0,-1,-1,-1,5
290,T36,OTHER,11,2,57,-1,-1,-1,09T36@4,BUYER,0,-1,-1,-1,5
144,OTHER,T35,11,1,10,0,-1,-1,SELLER,01T35@0,0,11,-1,-1,0
148,OTHER,T35,11,4,10,0,-1,-1,SELLER,01T35@0,0,11,-1,-1,0
1,T36,OTHER,11,2,57,0,-1,-1,09T36@4,BUYER,0,11,-1,-1,5
195,OTHER,T35,11,1,10,0,-1,-1,SELLER,01T35@0,0,11,-1,-1,0
173,OTHER,T36,11,2,10,0,-1,-1,SELLER,00T36@0,0,11,-1,-1,0
260,OTHER,T35,11,1,10,0,-1,-1,SELLER,01T35@0,0,11,-1,-1,0
244,OTHER,T36,11,5,10,0,-1,-1,SELLER,00T36@0,0,11,-1,-1,0
5,T36,OTHER,11,1,57,0,-1,-1,09T36@4,BUYER,0,11,-1,-1,5
254,T36,OTHER,12,2,57,0,-1,-1,09T36@4,BUYER,0,12,-1,-1,5
328,T36,OTHER,12,2,57,-1,-1,-1,09T36@4,BUYER,0,-1,-1,-1,5
317,T36,OTHER,12,1,57,-1,-1,-1,09T36@4,BUYER,0,-1,-1,-1,5
312,T36,OTHER,12,2,57,-1,-1,-1,08T36@4,BUYER,0,-1,-1,-1,5
297,T36,OTHER,12,4,57,-1,-1,-1,09T36@4,BUYER,0,-1,-1,-1,5
250,OTHER,T35,12,1,10,0,-1,-1,SELLER,01T35@0,0,12,-1,-1,0
281,OTHER,T35,12,2,10,0,-1,-1,SELLER,01T35@0,0,12,-1,-1,0
371,T22,T35,12,3,53,2,-1,2,05T22@2,07T35@3,17,12,-1,-1,3
0,T36,OTHER,12,2,57,0,-1,-1,09T36@4,BUYER,0,12,-1,-1,5
251,OTHER,T35,12,2,10,0,-1,-1,SELLER,01T35@0,0,12,-1,-1,0
507,T35,T36,12,8,21,8,-1,8,07T35@3,08T36@4,17,12,-1,-1,4
160,OTHER,T36,12,2,10,0,-1,-1,SELLER,00T36@0,0,12,-1,-1,0
153,OTHER,T36,12,2,10,0,-1,-1,SELLER,00T36@0,0,12,-1,-1,0
150,T36,OTHER,12,1,57,0,-1,-1,08T36@4,BUYER,0,12,-1,-1,5
27,T36,OTHER,12,1,57,0,-1,-1,09T36@4,BUYER,0,12,-1,-1,5
189,OTHER,T36,12,1,10,0,-1,-1,SELLER,00T36@0,0,12,-1,-1,0
196,OTHER,T35,12,2,10,0,-1,-1,SELLER,01T35@0,0,12,-1,-1,0
233,OTHER,T35,12,2,10,0,-1,-1,SELLER,01T35@0,0,12,-1,-1,0
111,OTHER,T36,12,3,10,0,-1,-1,SELLER,00T36@0,0,12,-1,-1,0
87,T36,OTHER,12,3,57,0,-1,-1,08T36@4,BUYER,0,12,-1,-1,5
10,T36,OTHER,12,1,57,0,-1,-1,08T36@4,BUYER,0,12,-1,-1,5
54,OTHER,T36,12,3,10,0,-1,-1,SELLER,00T36@0,0,12,-1,-1,0
99,T36,OTHER,12,1,57,0,-1,-1,09T36@4,BUYER,0,12,-1,-1,5
52,T36,OTHER,13,1,57,0,-1,-1,09T36@4,BUYER,0,13,-1,-1,5
267,OTHER,T36,13,3,10,0,-1,-1,SELLER,00T36@0,0,13,-1,-1,0
166,OTHER,T36,13,3,10,0,-1,-1,SELLER,00T36@0,0,13,-1,-1,0
327,T36,OTHER,13,2,57,-1,-1,-1,09T36@4,BUYER,0,-1,-1,-1,5
324,T36,OTHER,13,2,57,-1,-1,-1,08T36@4,BUYER,0,-1,-1,-1,5
135,OTHER,T35,13,1,10,0,-1,-1,SELLER,01T35@0,0,13,-1,-1,0
322,T36,OTHER,13,1,57,-1,-1,-1,09T36@4,BUYER,0,-1,-1,-1,5
117,OTHER,T35,13,3,10,0,-1,-1,SELLER,01T35@0,0,13,-1,-1,0
305,T36,OTHER,13,1,57,-1,-1,-1,09T36@4,BUYER,0,-1,-1,-1,5
168,OTHER,T35,13,1,10,0,-1,-1,SELLER,01T35@0,0,13,-1,-1,0
308,T36,OTHER,13,3,57,-1,-1,-1,09T36@4,BUYER,0,-1,-1,-1,5
48,T36,OTHER,13,3,57,0,-1,-1,09T36@4,BUYER,0,13,-1,-1,5
50,OTHER,T36,13,1,10,0,-1,-1,SELLER,00T36@0,0,13,-1,-1,0
318,T36,OTHER,13,2,57,-1,-1,-1,08T36@4,BUYER,0,-1,-1,-1,5
38,OTHER,T35,13,1,10,0,-1,-1,SELLER,01T35@0,0,13,-1,-1,0
169,OTHER,T36,13,1,10,0,-1,-1,SELLER,00T36@0,0,13,-1,-1,0
147,T36,OTHER,13,1,57,0,-1,-1,08T36@4,BUYER,0,13,-1,-1,5
172,T36,OTHER,13,1,57,0,-1,-1,08T36@4,BUYER,0,13,-1,-1,5
587,T35,T36,13,6,25,11,-1,11,07T35@3,08T36@4,17,13,-1,-1,4
584,T35,T36,13,6,25,11,-1,11,07T35@3,09T36@4,17,13,-1,-1,4
512,T22,T35,13,3,52,8,-1,8,05T22@2,07T35@3,17,13,-1,-1,3
534,T35,T36,13,8,21,9,-1,9,07T35@3,08T36@4,17,13,-1,-1,4
209,T36,OTHER,13,1,57,0,-1,-1,09T36@4,BUYER,0,13,-1,-1,5
208,T36,OTHER,13,2,57,0,-1,-1,08T36@4,BUYER,0,13,-1,-1,5
211,OTHER,T35,13,1,10,0,-1,-1,SELLER,01T35@0,0,13,-1,-1,0
224,OTHER,T36,13,1,10,0,-1,-1,SELLER,00T36@0,0,13,-1,-1,0
228,OTHER,T35,13,1,10,0,-1,-1,SELLER,01T35@0,0,13,-1,-1,0
3,OTHER,T35,13,3,10,0,-1,-1,SELLER,01T35@0,0,13,-1,-1,0
210,OTHER,T35,14,4,10,0,-1,-1,SELLER,01T35@0,0,14,-1,-1,0
315,T36,OTHER,14,2,57,-1,-1,-1,09T36@4,BUYER,0,-1,-1,-1,5
245,OTHER,T36,14,1,10,0,-1,-1,SELLER,00T36@0,0,14,-1,-1,0
552,T35,T36,14,8,21,10,-1,10,07T35@3,08T36@4,17,14,-1,-1,4
419,T22,T35,14,3,53,4,-1,4,05T22@2,07T35@3,17,14,-1,-1,3
96,T36,OTHER,14,1,57,0,-1,-1,08T36@4,BUYER,0,14,-1,-1,5
300,T36,OTHER,14,3,57,-1,-1,-1,09T36@4,BUYER,0,-1,-1,-1,5
113,OTHER,T35,14,1,10,0,-1,-1,SELLER,01T35@0,0,14,-1,-1,0
36,T36,OTHER,14,3,57,0,-1,-1,08T36@4,BUYER,0,14,-1,-1,5
549,T22,T35,14,3,52,9,-1,9,05T22@2,07T35@3,17,14,-1,-1,3
57,OTHER,T36,14,1,10,0,-1,-1,SELLER,00T36@0,0,14,-1,-1,0
126,T36,OTHER,14,1,57,0,-1,-1,09T36@4,BUYER,0,14,-1,-1,5
298,T36,OTHER,14,5,57,-1,-1,-1,08T36@4,BUYER,0,-1,-1,-1,5
92,OTHER,T36,14,3,10,0,-1,-1,SELLER,00T36@0,0,14,-1,-1,0
277,OTHER,T36,14,2,10,0,-1,-1,SELLER,00T36@0,0,14,-1,-1,0
276,OTHER,T35,14,2,10,0,-1,-1,SELLER,01T35@0,0,14,-1,-1,0
159,T36,OTHER,14,4,57,0,-1,-1,09T36@4,BUYER,0,14,-1,-1,5
181,T36,OTHER,14,1,57,0,-1,-1,08T36@4,BUYER,0,14,-1,-1,5
618,T35,T36,14,8,26,12,-1,12,07T35@3,08T36@4,17,14,-1,-1,4
572,T35,T36,14,8,21,10,-1,10,07T35@3,09T36@4,17,14,-1,-1,4
156,OTHER,T36,14,3,10,0,-1,-1,SELLER,00T36@0,0,14,-1,-1,0
269,OTHER,T35,14,3,10,0,-1,-1,SELLER,01T35@0,0,14,-1,-1,0
221,OTHER,T35,15,1,10,0,-1,-1,SELLER,01T35@0,0,15,-1,-1,0
323,T36,OTHER,15,3,57,-1,-1,-1,08T36@4,BUYER,0,-1,-1,-1,5
175,OTHER,T36,15,2,10,0,-1,-1,SELLER,00T36@0,0,15,-1,-1,0
78,OTHER,T35,15,1,10,0,-1,-1,SELLER,01T35@0,0,15,-1,-1,0
107,T36,OTHER,15,2,57,0,-1,-1,08T36@4,BUYER,0,15,-1,-1,5
13,OTHER,T36,15,1,10,0,-1,-1,SELLER,00T36@0,0,15,-1,-1,0
219,OTHER,T35,15,2,10,0,-1,-1,SELLER,01T35@0,0,15,-1,-1,0
272,OTHER,T35,15,4,10,0,-1,-1,SELLER,01T35@0,0,15,-1,-1,0
132,T36,OTHER,15,1,57,0,-1,-1,09T36@4,BUYER,0,15,-1,-1,5
204,OTHER,T36,15,4,10,0,-1,-1,SELLER,00T36@0,0,15,-1,-1,0
18,OTHER,T36,15,1,10,0,-1,-1,SELLER,00T36@0,0,15,-1,-1,0
20,T36,OTHER,15,3,57,0,-1,-1,08T36@4,BUYER,0,15,-1,-1,5
674,T35,T36,15,1,22,15,-1,15,07T35@3,08T36@4,17,15,-1,-1,4
673,T35,T36,15,1,22,15,-1,15,07T35@3,09T36@4,17,15,-1,-1,4
307,T36,OTHER,15,2,57,-1,-1,-1,08T36@4,BUYER,0,-1,-1,-1,5
650,T35,T36,15,5,25,14,-1,14,07T35@3,09T36@4,17,15,-1,-1,4
207,OTHER,T36,15,2,10,0,-1,-1,SELLER,00T36@0,0,15,-1,-1,0
434,T22,T35,15,3,53,5,-1,5,05T22@2,07T35@3,17,15,-1,-1,3
302,T36,OTHER,15,5,57,-1,-1,-1,08T36@4,BUYER,0,-1,-1,-1,5
203,T36,OTHER,15,3,57,0,-1,-1,09T36@4,BUYER,0,15,-1,-1,5
151,T36,OTHER,15,1,57,0,-1,-1,08T36@4,BUYER,0,15,-1,-1,5
259,OTHER,T36,15,2,10,0,-1,-1,SELLER,00T36@0,0,15,-1,-1,0
627,T35,T36,15,6,25,13,-1,13,07T35@3,09T36@4,17,15,-1,-1,4
91,T36,OTHER,16,1,57,0,-1,-1,08T36@4,BUYER,0,16,-1,-1,5
612,T35,T36,16,8,21,12,-1,12,07T35@3,09T36@4,17,16,-1,-1,4
75,OTHER,T35,16,3,10,0,-1,-1,SELLER,01T35@0,0,16,-1,-1,0
699,T35,T36,16,1,22,16,-1,16,07T35@3,09T36@4,17,16,-1,-1,4
706,T35,T36,16,1,22,16,-1,16,07T35@3,08T36@4,17,16,-1,-1,4
76,T36,OTHER,16,4,57,0,-1,-1,09T36@4,BUYER,0,16,-1,-1,5
470,T22,T35,16,3,53,6,-1,6,05T22@2,07T35@3,17,16,-1,-1,3
589,T22,T35,16,3,52,11,-1,11,05T22@2,07T35@3,17,16,-1,-1,3
47,T36,OTHER,16,1,57,0,-1,-1,09T36@4,BUYER,0,16,-1,-1,5
63,OTHER,T36,16,1,10,0,-1,-1,SELLER,00T36@0,0,16,-1,-1,0
236,OTHER,T35,16,1,10,0,-1,-1,SELLER,01T35@0,0,16,-1,-1,0
139,T36,OTHER,16,1,57,0,-1,-1,08T36@4,BUYER,0,16,-1,-1,5
171,T36,OTHER,16,1,57,0,-1,-1,09T36@4,BUYER,0,16,-1,-1,5
262,OTHER,T35,16,1,10,0,-1,-1,SELLER,01T35@0,0,16,-1,-1,0
184,T36,OTHER,16,2,57,0,-1,-1,08T36@4,BUYER,0,16,-1,-1,5
190,OTHER,T35,16,3,10,0,-1,-1,SELLER,01T35@0,0,16,-1,-1,0
140,OTHER,T36,16,3,10,0,-1,-1,SELLER,00T36@0,0,16,-1,-1,0
310,T36,OTHER,16,2,57,-1,-1,-1,08T36@4,BUYER,0,-1,-1,-1,5
161,OTHER,T36,16,2,10,0,-1,-1,SELLER,00T36@0,0,16,-1,-1,0
167,OTHER,T35,16,2,10,0,-1,-1,SELLER,01T35@0,0,16,-1,-1,0
309,T36,OTHER,16,4,57,-1,-1,-1,08T36@4,BUYER,0,-1,-1,-1,5
304,T36,OTHER,16,2,57,-1,-1,-1,09T36@4,BUYER,0,-1,-1,-1,5
115,OTHER,T35,16,1,10,0,-1,-1,SELLER,01T35@0,0,16,-1,-1,0
303,T36,OTHER,16,2,57,-1,-1,-1,09T36@4,BUYER,0,-1,-1,-1,5
127,OTHER,T36,16,3,10,0,-1,-1,SELLER,00T36@0,0,16,-1,-1,0
311,T36,OTHER,17,4,57,-1,-1,-1,09T36@4,BUYER,0,-1,-1,-1,5
314,T36,OTHER,17,2,57,-1,-1,-1,09T36@4,BUYER,0,-1,-1,-1,5
109,T36,OTHER,17,1,57,0,-1,-1,09T36@4,BUYER,0,17,-1,-1,5
146,OTHER,T35,17,3,10,0,-1,-1,SELLER,01T35@0,0,17,-1,-1,0
628,T35,T36,17,9,21,13,-1,13,07T35@3,08T36@4,17,17,-1,-1,4
212,OTHER,T36,17,5,10,0,-1,-1,SELLER,00T36@0,0,17,-1,-1,0
145,OTHER,T36,17,2,10,0,-1,-1,SELLER,00T36@0,0,17,-1,-1,0
727,T35,T36,17,1,22,17,-1,17,07T35@3,09T36@4,17,17,-1,-1,4
293,T36,OTHER,17,2,57,-1,-1,-1,08T36@4,BUYER,0,-1,-1,-1,5
42,T36,OTHER,17,2,57,0,-1,-1,08T36@4,BUYER,0,17,-1,-1,5
488,T22,T35,17,3,53,7,-1,7,05T22@2,07T35@3,17,17,-1,-1,3
101,T36,OTHER,17,3,57,0,-1,-1,08T36@4,BUYER,0,17,-1,-1,5
94,OTHER,T35,17,3,10,0,-1,-1,SELLER,01T35@0,0,17,-1,-1,0
97,OTHER,T35,17,1,10,0,-1,-1,SELLER,01T35@0,0,17,-1,-1,0
325,T36,OTHER,17,3,57,-1,-1,-1,09T36@4,BUYER,0,-1,-1,-1,5
74,OTHER,T35,17,1,10,0,-1,-1,SELLER,01T35@0,0,17,-1,-1,0
69,T36,OTHER,17,3,57,0,-1,-1,09T36@4,BUYER,0,17,-1,-1,5
85,OTHER,T35,17,5,10,0,-1,-1,SELLER,01T35@0,0,17,-1,-1,0
273,OTHER,T35,18,3,10,0,-1,-1,SELLER,01T35@0,0,18,-1,-1,0
149,T36,OTHER,18,1,57,0,-1,-1,09T36@4,BUYER,0,18,-1,-1,5
100,OTHER,T35,18,3,10,0,-1,-1,SELLER,01T35@0,0,18,-1,-1,0
137,OTHER,T35,18,1,10,0,-1,-1,SELLER,01T35@0,0,18,-1,-1,0
321,T36,OTHER,18,2,57,-1,-1,-1,09T36@4,BUYER,0,-1,-1,-1,5
81,OTHER,T36,18,1,10,0,-1,-1,SELLER,00T36@0,0,18,-1,-1,0
82,T36,OTHER,18,2,57,0,-1,-1,09T36@4,BUYER,0,18,-1,-1,5
183,OTHER,T36,18,2,10,0,-1,-1,SELLER,00T36@0,0,18,-1,-1,0
659,T35,T36,18,5,24,14,-1,14,07T35@3,08T36@4,17,18,-1,-1,4
12,T36,OTHER,18,2,57,0,-1,-1,08T36@4,BUYER,0,18,-1,-1,5
292,T36,OTHER,18,5,57,-1,-1,-1,08T36@4,BUYER,0,-1,-1,-1,5
249,T36,OTHER,18,2,57,0,-1,-1,08T36@4,BUYER,0,18,-1,-1,5
66,T36,OTHER,18,2,57,0,-1,-1,09T36@4,BUYER,0,18,-1,-1,5
124,OTHER,T36,18,1,10,0,-1,-1,SELLER,00T36@0,0,18,-1,-1,0
103,OTHER,T36,18,1,10,0,-1,-1,SELLER,00T36@0,0,18,-1,-1,0
232,OTHER,T35,18,1,10,0,-1,-1,SELLER,01T35@0,0,18,-1,-1,0
301,T36,OTHER,18,2,57,-1,-1,-1,09T36@4,BUYER,0,-1,-1,-1,5
37,T36,OTHER,18,2,57,0,-1,-1,08T36@4,BUYER,0,18,-1,-1,5
256,OTHER,T36,18,5,10,0,-1,-1,SELLER,00T36@0,0,18,-1,-1,0
77,OTHER,T36,18,2,10,0,-1,-1,SELLER,00T36@0,0,18,-1,-1,0
337,OTHER,T36,19,2,10,1,-1,-1,SELLER,00T36@0,0,19,-1,-1,0
336,OTHER,T35,19,2,10,1,-1,-1,SELLER,01T35@0,0,19,-1,-1,0
335,OTHER,T35,19,1,10,1,-1,-1,SELLER,01T35@0,0,19,-1,-1,0
341,T36,OTHER,19,5,57,1,-1,-1,08T36@4,BUYER,0,19,-1,-1,5
329,T36,OTHER,19,2,57,1,-1,-1,09T36@4,BUYER,0,19,-1,-1,5
360,T36,OTHER,19,2,57,-1,-1,-1,09T36@4,BUYER,0,-1,-1,-1,5
651,T22,T35,19,3,52,14,-1,14,05T22@2,07T35@3,17,19,-1,-1,3
346,OTHER,T36,19,3,10,1,-1,-1,SELLER,00T36@0,0,19,-1,-1,0
347,OTHER,T36,19,1,10,1,-1,-1,SELLER,00T36@0,0,19,-1,-1,0
350,OTHER,T35,19,1,10,1,-1,-1,SELLER,01T35@0,0,19,-1,-1,0
351,OTHER,T36,19,1,10,1,-1,-1,SELLER,00T36@0,0,19,-1,-1,0
353,OTHER,T35,19,3,10,1,-1,-1,SELLER,01T35@0,0,19,-1,-1,0
354,OTHER,T36,19,2,10,1,-1,-1,SELLER,00T36@0,0,19,-1,-1,0
355,OTHER,T36,19,2,10,1,-1,-1,SELLER,00T36@0,0,19,-1,-1,0
357,OTHER,T35,19,1,10,1,-1,-1,SELLER,01T35@0,0,19,-1,-1,0
364,T36,OTHER,19,2,57,-1,-1,-1,08T36@4,BUYER,0,-1,-1,-1,5
363,T36,OTHER,19,1,57,-1,-1,-1,08T36@4,BUYER,0,-1,-1,-1,5
362,T36,OTHER,19,2,57,-1,-1,-1,08T36@4,BUYER,0,-1,-1,-1,5
361,T36,OTHER,19,3,57,-1,-1,-1,09T36@4,BUYER,0,-1,-1,-1,5
344,OTHER,T36,19,1,10,1,-1,-1,SELLER,00T36@0,0,19,-1,-1,0
333,T36,OTHER,19,3,57,1,-1,-1,09T36@4,BUYER,0,19,-1,-1,5
560,T22,T35,20,3,53,10,-1,10,05T22@2,07T35@3,17,20,-1,-1,3
369,OTHER,T35,20,2,10,2,-1,-1,SELLER,01T35@0,0,20,-1,-1,0
384,T36,OTHER,20,3,57,-1,-1,-1,08T36@4,BUYER,0,-1,-1,-1,5
382,T36,OTHER,20,3,57,-1,-1,-1,08T36@4,BUYER,0,-1,-1,-1,5
381,T36,OTHER,20,1,57,-1,-1,-1,08T36@4,BUYER,0,-1,-1,-1,5
380,T36,OTHER,20,2,57,-1,-1,-1,09T36@4,BUYER,0,-1,-1,-1,5
379,OTHER,T35,20,2,10,2,-1,-1,SELLER,01T35@0,0,20,-1,-1,0
378,OTHER,T35,20,2,10,2,-1,-1,SELLER,01T35@0,0,20,-1,-1,0
385,T36,OTHER,20,5,57,-1,-1,-1,09T36@4,BUYER,0,-1,-1,-1,5
386,T36,OTHER,20,4,57,-1,-1,-1,08T36@4,BUYER,0,-1,-1,-1,5
377,OTHER,T36,20,2,10,2,-1,-1,SELLER,00T36@0,0,20,-1,-1,0
383,T36,OTHER,20,1,57,-1,-1,-1,08T36@4,BUYER,0,-1,-1,-1,5
375,OTHER,T35,20,1,10,2,-1,-1,SELLER,01T35@0,0,20,-1,-1,0
374,OTHER,T36,20,1,10,2,-1,-1,SELLER,00T36@0,0,20,-1,-1,0
373,OTHER,T36,20,1,10,2,-1,-1,SELLER,00T36@0,0,20,-1,-1,0
372,OTHER,T35,20,1,10,2,-1,-1,SELLER,01T35@0,0,20,-1,-1,0
370,T36,OTHER,20,1,57,2,-1,-1,09T36@4,BUYER,0,20,-1,-1,5
367,OTHER,T36,20,3,10,2,-1,-1,SELLER,00T36@0,0,20,-1,-1,0
365,OTHER,T35,20,4,10,2,-1,-1,SELLER,01T35@0,0,20,-1,-1,0
376,OTHER,T35,20,1,10,2,-1,-1,SELLER,01T35@0,0,20,-1,-1,0
719,T35,T36,21,5,24,17,-1,17,07T35@3,08T36@4,17,21,-1,-1,4
400,T36,OTHER,21,3,57,-1,-1,-1,09T36@4,BUYER,0,-1,-1,-1,5
392,OTHER,T35,21,1,10,3,-1,-1,SELLER,01T35@0,0,21,-1,-1,0
393,OTHER,T36,21,3,10,3,-1,-1,SELLER,00T36@0,0,21,-1,-1,0
396,OTHER,T35,21,4,10,3,-1,-1,SELLER,01T35@0,0,21,-1,-1,0
401,T36,OTHER,21,1,57,-1,-1,-1,08T36@4,BUYER,0,-1,-1,-1,5
738,T35,T36,21,10,21,18,-1,18,07T35@3,09T36@4,17,21,-1,-1,4
397,OTHER,T36,21,1,10,3,-1,-1,SELLER,00T36@0,0,21,-1,-1,0
751,T35,T36,21,10,26,18,-1,18,07T35@3,08T36@4,17,21,-1,-1,4
767,T35,T36,21,12,26,19,-1,19,07T35@3,09T36@4,17,21,-1,-1,4
394,OTHER,T36,21,2,10,3,-1,-1,SELLER,00T36@0,0,21,-1,-1,0
694,T22,T35,21,3,52,16,-1,16,05T22@2,07T35@3,17,21,-1,-1,3
408,T36,OTHER,21,3,57,-1,-1,-1,08T36@4,BUYER,0,-1,-1,-1,5
389,OTHER,T35,21,1,10,3,-1,-1,SELLER,01T35@0,0,21,-1,-1,0
388,OTHER,T36,21,2,10,3,-1,-1,SELLER,00T36@0,0,21,-1,-1,0
402,T36,OTHER,21,3,57,-1,-1,-1,09T36@4,BUYER,0,-1,-1,-1,5
387,OTHER,T36,21,1,10,3,-1,-1,SELLER,00T36@0,0,21,-1,-1,0
398,OTHER,T36,21,3,10,3,-1,-1,SELLER,00T36@0,0,21,-1,-1,0
403,T36,OTHER,21,2,57,-1,-1,-1,08T36@4,BUYER,0,-1,-1,-1,5
404,T36,OTHER,21,2,57,-1,-1,-1,09T36@4,BUYER,0,-1,-1,-1,5
405,T36,OTHER,21,1,57,-1,-1,-1,09T36@4,BUYER,0,-1,-1,-1,5
406,T36,OTHER,21,2,57,-1,-1,-1,09T36@4,BUYER,0,-1,-1,-1,5
409,T36,OTHER,21,1,57,-1,-1,-1,08T36@4,BUYER,0,-1,-1,-1,5
390,OTHER,T35,21,2,10,3,-1,-1,SELLER,01T35@0,0,21,-1,-1,0
407,T36,OTHER,21,2,57,-1,-1,-1,08T36@4,BUYER,0,-1,-1,-1,5
615,T22,T35,22,3,53,12,-1,12,05T22@2,07T35@3,17,22,-1,-1,3
773,T35,T36,22,9,26,19,-1,19,07T35@3,08T36@4,17,22,-1,-1,4
418,OTHER,T35,22,2,10,4,-1,-1,SELLER,01T35@0,0,22,-1,-1,0
424,T36,OTHER,22,2,57,-1,-1,-1,09T36@4,BUYER,0,-1,-1,-1,5
430,T36,OTHER,22,3,57,-1,-1,-1,08T36@4,BUYER,0,-1,-1,-1,5
429,T36,OTHER,22,2,57,-1,-1,-1,08T36@4,BUYER,0,-1,-1,-1,5
428,T36,OTHER,22,2,57,-1,-1,-1,08T36@4,BUYER,0,-1,-1,-1,5
427,T36,OTHER,22,2,57,-1,-1,-1,09T36@4,BUYER,0,-1,-1,-1,5
426,T36,OTHER,22,2,57,-1,-1,-1,09T36@4,BUYER,0,-1,-1,-1,5
425,T36,OTHER,22,2,57,-1,-1,-1,09T36@4,BUYER,0,-1,-1,-1,5
423,T36,OTHER,22,2,57,-1,-1,-1,08T36@4,BUYER,0,-1,-1,-1,5
431,T36,OTHER,22,2,57,-1,-1,-1,08T36@4,BUYER,0,-1,-1,-1,5
420,OTHER,T35,22,1,10,4,-1,-1,SELLER,01T35@0,0,22,-1,-1,0
416,OTHER,T35,22,3,10,4,-1,-1,SELLER,01T35@0,0,22,-1,-1,0
415,OTHER,T35,22,2,10,4,-1,-1,SELLER,01T35@0,0,22,-1,-1,0
414,OTHER,T36,22,1,10,4,-1,-1,SELLER,00T36@0,0,22,-1,-1,0
413,OTHER,T35,22,2,10,4,-1,-1,SELLER,01T35@0,0,22,-1,-1,0
412,OTHER,T36,22,4,10,4,-1,-1,SELLER,00T36@0,0,22,-1,-1,0
411,OTHER,T35,22,1,10,4,-1,-1,SELLER,01T35@0,0,22,-1,-1,0
410,OTHER,T36,22,1,10,4,-1,-1,SELLER,00T36@0,0,22,-1,-1,0
417,OTHER,T36,22,3,10,4,-1,-1,SELLER,00T36@0,0,22,-1,-1,0
432,T36,OTHER,22,1,57,-1,-1,-1,09T36@4,BUYER,0,-1,-1,-1,5
433,OTHER,T36,23,1,10,5,-1,-1,SELLER,00T36@0,0,23,-1,-1,0
454,T36,OTHER,23,1,57,-1,-1,-1,08T36@4,BUYER,0,-1,-1,-1,5
435,OTHER,T35,23,3,10,5,-1,-1,SELLER,01T35@0,0,23,-1,-1,0
635,T22,T35,23,3,53,13,-1,13,05T22@2,07T35@3,17,23,-1,-1,3
436,OTHER,T35,23,2,10,5,-1,-1,SELLER,01T35@0,0,23,-1,-1,0
437,OTHER,T36,23,2,10,5,-1,-1,SELLER,00T36@0,0,23,-1,-1,0
438,OTHER,T36,23,2,10,5,-1,-1,SELLER,00T36@0,0,23,-1,-1,0
452,T36,OTHER,23,2,57,-1,-1,-1,08T36@4,BUYER,0,-1,-1,-1,5
456,T36,OTHER,23,2,57,-1,-1,-1,09T36@4,BUYER,0,-1,-1,-1,5
457,T36,OTHER,23,1,57,-1,-1,-1,09T36@4,BUYER,0,-1,-1,-1,5
451,T36,OTHER,23,1,57,-1,-1,-1,09T36@4,BUYER,0,-1,-1,-1,5
801,T35,T36,23,11,21,20,-1,20,07T35@3,08T36@4,17,23,-1,-1,4
453,T36,OTHER,23,2,57,-1,-1,-1,09T36@4,BUYER,0,-1,-1,-1,5
449,T36,OTHER,23,2,57,-1,-1,-1,08T36@4,BUYER,0,-1,-1,-1,5
448,T36,OTHER,23,1,57,-1,-1,-1,08T36@4,BUYER,0,-1,-1,-1,5
450,T36,OTHER,23,1,57,-1,-1,-1,09T36@4,BUYER,0,-1,-1,-1,5
447,T36,OTHER,23,2,57,-1,-1,-1,08T36@4,BUYER,0,-1,-1,-1,5
446,T36,OTHER,23,4,57,-1,-1,-1,09T36@4,BUYER,0,-1,-1,-1,5
445,OTHER,T36,23,1,10,5,-1,-1,SELLER,00T36@0,0,23,-1,-1,0
444,OTHER,T35,23,2,10,5,-1,-1,SELLER,01T35@0,0,23,-1,-1,0
443,OTHER,T35,23,2,10,5,-1,-1,SELLER,01T35@0,0,23,-1,-1,0
441,OTHER,T36,23,4,10,5,-1,-1,SELLER,00T36@0,0,23,-1,-1,0
440,OTHER,T35,23,1,10,5,-1,-1,SELLER,01T35@0,0,23,-1,-1,0
748,T22,T35,23,3,52,18,-1,18,05T22@2,07T35@3,17,23,-1,-1,3
455,T36,OTHER,23,1,57,-1,-1,-1,09T36@4,BUYER,0,-1,-1,-1,5
766,T22,T35,24,3,52,19,-1,19,05T22@2,07T35@3,17,24,-1,-1,3
788,T35,T36,24,9,21,20,-1,20,07T35@3,09T36@4,17,24,-1,-1,4
814,T35,T36,24,11,21,21,-1,21,07T35@3,08T36@4,17,24,-1,-1,4
839,T35,T36,24,10,24,22,-1,22,07T35@3,09T36@4,17,24,-1,-1,4
862,T35,T36,24,7,24,23,-1,23,07T35@3,09T36@4,17,24,-1,-1,4
881,T35,T36,24,2,22,24,-1,24,07T35@3,09T36@4,17,24,-1,-1,4
472,OTHER,T36,24,1,10,6,-1,-1,SELLER,00T36@0,0,24,-1,-1,0
462,OTHER,T35,24,3,10,6,-1,-1,SELLER,01T35@0,0,24,-1,-1,0
465,T36,OTHER,24,1,57,6,-1,-1,08T36@4,BUYER,0,24,-1,-1,5
466,T36,OTHER,24,3,57,6,-1,-1,09T36@4,BUYER,0,24,-1,-1,5
460,T36,OTHER,24,4,57,6,-1,-1,08T36@4,BUYER,0,24,-1,-1,5
467,OTHER,T35,24,2,10,6,-1,-1,SELLER,01T35@0,0,24,-1,-1,0
459,OTHER,T36,24,3,10,6,-1,-1,SELLER,00T36@0,0,24,-1,-1,0
468,OTHER,T36,24,4,10,6,-1,-1,SELLER,00T36@0,0,24,-1,-1,0
458,T36,OTHER,24,2,57,6,-1,-1,09T36@4,BUYER,0,24,-1,-1,5
469,T36,OTHER,24,2,57,6,-1,-1,09T36@4,BUYER,0,24,-1,-1,5
471,OTHER,T36,24,2,10,6,-1,-1,SELLER,00T36@0,0,24,-1,-1,0
474,OTHER,T36,24,1,10,6,-1,-1,SELLER,00T36@0,0,24,-1,-1,0
475,OTHER,T36,24,2,10,6,-1,-1,SELLER,00T36@0,0,24,-1,-1,0
476,OTHER,T36,24,2,10,6,-1,-1,SELLER,00T36@0,0,24,-1,-1,0
464,T36,OTHER,24,2,57,6,-1,-1,09T36@4,BUYER,0,24,-1,-1,5
477,T36,OTHER,24,2,57,6,-1,-1,08T36@4,BUYER,0,24,-1,-1,5
463,T36,OTHER,24,2,57,6,-1,-1,09T36@4,BUYER,0,24,-1,-1,5
478,T36,OTHER,24,2,57,-1,-1,-1,09T36@4,BUYER,0,-1,-1,-1,5
491,T36,OTHER,25,2,57,7,-1,-1,09T36@4,BUYER,0,25,-1,-1,5
490,OTHER,T36,25,1,10,7,-1,-1,SELLER,00T36@0,0,25,-1,-1,0
489,OTHER,T35,25,2,10,7,-1,-1,SELLER,01T35@0,0,25,-1,-1,0
487,OTHER,T36,25,3,10,7,-1,-1,SELLER,00T36@0,0,25,-1,-1,0
486,T36,OTHER,25,2,57,7,-1,-1,09T36@4,BUYER,0,25,-1,-1,5
485,OTHER,T36,25,3,10,7,-1,-1,SELLER,00T36@0,0,25,-1,-1,0
484,OTHER,T36,25,2,10,7,-1,-1,SELLER,00T36@0,0,25,-1,-1,0
675,T22,T35,25,3,53,15,-1,15,05T22@2,07T35@3,17,25,-1,-1,3
482,T36,OTHER,25,1,57,7,-1,-1,09T36@4,BUYER,0,25,-1,-1,5
498,OTHER,T35,25,4,10,7,-1,-1,SELLER,01T35@0,0,25,-1,-1,0
481,T36,OTHER,25,1,57,7,-1,-1,09T36@4,BUYER,0,25,-1,-1,5
480,T36,OTHER,25,4,57,7,-1,-1,09T36@4,BUYER,0,25,-1,-1,5
497,T36,OTHER,25,2,57,7,-1,-1,08T36@4,BUYER,0,25,-1,-1,5
479,OTHER,T36,25,1,10,7,-1,-1,SELLER,00T36@0,0,25,-1,-1,0
495,T36,OTHER,25,2,57,7,-1,-1,08T36@4,BUYER,0,25,-1,-1,5
483,OTHER,T35,25,1,10,7,-1,-1,SELLER,01T35@0,0,25,-1,-1,0
494,OTHER,T35,25,1,10,7,-1,-1,SELLER,01T35@0,0,25,-1,-1,0
818,T35,T36,25,9,21,21,-1,21,07T35@3,09T36@4,17,25,-1,-1,4
501,OTHER,T35,25,1,10,7,-1,-1,SELLER,01T35@0,0,25,-1,-1,0
500,T36,OTHER,25,3,57,7,-1,-1,08T36@4,BUYER,0,25,-1,-1,5
493,T36,OTHER,25,1,57,7,-1,-1,08T36@4,BUYER,0,25,-1,-1,5
502,T36,OTHER,25,2,57,-1,-1,-1,09T36@4,BUYER,0,-1,-1,-1,5
499,OTHER,T35,25,1,10,7,-1,-1,SELLER,01T35@0,0,25,-1,-1,0
509,OTHER,T36,26,6,10,8,-1,-1,SELLER,00T36@0,0,26,-1,-1,0
510,T36,OTHER,26,1,57,8,-1,-1,08T36@4,BUYER,0,26,-1,-1,5
511,T36,OTHER,26,2,57,8,-1,-1,09T36@4,BUYER,0,26,-1,-1,5
503,OTHER,T35,26,3,10,8,-1,-1,SELLER,01T35@0,0,26,-1,-1,0
513,T36,OTHER,26,2,57,8,-1,-1,08T36@4,BUYER,0,26,-1,-1,5
514,OTHER,T36,26,1,10,8,-1,-1,SELLER,00T36@0,0,26,-1,-1,0
515,OTHER,T36,26,2,10,8,-1,-1,SELLER,00T36@0,0,26,-1,-1,0
506,OTHER,T35,26,1,10,8,-1,-1,SELLER,01T35@0,0,26,-1,-1,0
517,OTHER,T35,26,1,10,8,-1,-1,SELLER,01T35@0,0,26,-1,-1,0
508,T36,OTHER,26,3,57,8,-1,-1,08T36@4,BUYER,0,26,-1,-1,5
518,OTHER,T35,26,2,10,8,-1,-1,SELLER,01T35@0,0,26,-1,-1,0
520,T36,OTHER,26,1,57,8,-1,-1,08T36@4,BUYER,0,26,-1,-1,5
521,T36,OTHER,26,3,57,8,-1,-1,09T36@4,BUYER,0,26,-1,-1,5
522,T36,OTHER,26,2,57,8,-1,-1,08T36@4,BUYER,0,26,-1,-1,5
523,T36,OTHER,26,1,57,8,-1,-1,09T36@4,BUYER,0,26,-1,-1,5
524,T36,OTHER,26,1,57,8,-1,-1,09T36@4,BUYER,0,26,-1,-1,5
525,T36,OTHER,26,2,57,-1,-1,-1,08T36@4,BUYER,0,-1,-1,-1,5
504,T36,OTHER,26,2,57,8,-1,-1,08T36@4,BUYER,0,26,-1,-1,5
926,T35,T36,26,7,24,25,-1,25,07T35@3,08T36@4,17,26,-1,-1,4
842,T35,T36,26,8,21,22,-1,22,07T35@3,08T36@4,17,26,-1,-1,4
820,T22,T35,26,3,52,21,-1,21,05T22@2,07T35@3,17,26,-1,-1,3
519,OTHER,T35,26,2,10,8,-1,-1,SELLER,01T35@0,0,26,-1,-1,0
505,OTHER,T35,26,2,10,8,-1,-1,SELLER,01T35@0,0,26,-1,-1,0
723,T22,T35,27,3,53,17,-1,17,05T22@2,07T35@3,17,27,-1,-1,3
937,T35,T36,27,7,24,26,-1,26,07T35@3,09T36@4,17,27,-1,-1,4
866,T35,T36,27,9,21,23,-1,23,07T35@3,08T36@4,17,27,-1,-1,4
945,T35,T36,27,6,24,26,-1,26,07T35@3,08T36@4,17,27,-1,-1,4
542,OTHER,T36,27,3,10,9,-1,-1,SELLER,00T36@0,0,27,-1,-1,0
541,OTHER,T35,27,1,10,9,-1,-1,SELLER,01T35@0,0,27,-1,-1,0
550,T36,OTHER,27,2,57,9,-1,-1,08T36@4,BUYER,0,27,-1,-1,5
527,T36,OTHER,27,1,57,9,-1,-1,09T36@4,BUYER,0,27,-1,-1,5
548,T36,OTHER,27,1,57,9,-1,-1,08T36@4,BUYER,0,27,-1,-1,5
547,T36,OTHER,27,3,57,9,-1,-1,09T36@4,BUYER,0,27,-1,-1,5
528,OTHER,T35,27,1,10,9,-1,-1,SELLER,01T35@0,0,27,-1,-1,0
545,OTHER,T36,27,1,10,9,-1,-1,SELLER,00T36@0,0,27,-1,-1,0
529,T36,OTHER,27,2,57,9,-1,-1,08T36@4,BUYER,0,27,-1,-1,5
530,T36,OTHER,27,2,57,9,-1,-1,08T36@4,BUYER,0,27,-1,-1,5
531,T36,OTHER,27,1,57,9,-1,-1,08T36@4,BUYER,0,27,-1,-1,5
546,T36,OTHER,27,3,57,9,-1,-1,09T36@4,BUYER,0,27,-1,-1,5
544,OTHER,T35,27,1,10,9,-1,-1,SELLER,01T35@0,0,27,-1,-1,0
532,OTHER,T35,27,3,10,9,-1,-1,SELLER,01T35@0,0,27,-1,-1,0
540,OTHER,T36,27,2,10,9,-1,-1,SELLER,00T36@0,0,27,-1,-1,0
539,OTHER,T35,27,2,10,9,-1,-1,SELLER,01T35@0,0,27,-1,-1,0
538,OTHER,T35,27,1,10,9,-1,-1,SELLER,01T35@0,0,27,-1,-1,0
536,T36,OTHER,27,3,57,9,-1,-1,08T36@4,BUYER,0,27,-1,-1,5
537,OTHER,T36,27,1,10,9,-1,-1,SELLER,00T36@0,0,27,-1,-1,0
535,OTHER,T35,27,3,10,9,-1,-1,SELLER,01T35@0,0,27,-1,-1,0
533,T36,OTHER,27,2,57,9,-1,-1,09T36@4,BUYER,0,27,-1,-1,5
543,OTHER,T36,27,1,10,9,-1,-1,SELLER,00T36@0,0,27,-1,-1,0
562,OTHER,T36,28,1,10,10,-1,-1,SELLER,00T36@0,0,28,-1,-1,0
557,OTHER,T36,28,2,10,10,-1,-1,SELLER,00T36@0,0,28,-1,-1,0
563,OTHER,T36,28,2,10,10,-1,-1,SELLER,00T36@0,0,28,-1,-1,0
561,T36,OTHER,28,1,57,10,-1,-1,09T36@4,BUYER,0,28,-1,-1,5
564,OTHER,T35,28,1,10,10,-1,-1,SELLER,01T35@0,0,28,-1,-1,0
559,OTHER,T36,28,1,10,10,-1,-1,SELLER,00T36@0,0,28,-1,-1,0
558,T36,OTHER,28,3,57,10,-1,-1,08T36@4,BUYER,0,28,-1,-1,5
571,OTHER,T35,28,2,10,10,-1,-1,SELLER,01T35@0,0,28,-1,-1,0
551,OTHER,T35,28,1,10,10,-1,-1,SELLER,01T35@0,0,28,-1,-1,0
555,T36,OTHER,28,1,57,10,-1,-1,08T36@4,BUYER,0,28,-1,-1,5
554,T36,OTHER,28,1,57,10,-1,-1,08T36@4,BUYER,0,28,-1,-1,5
553,OTHER,T36,28,1,10,10,-1,-1,SELLER,00T36@0,0,28,-1,-1,0
969,T35,T36,28,7,24,27,-1,27,07T35@3,09T36@4,17,28,-1,-1,4
565,T36,OTHER,28,1,57,10,-1,-1,09T36@4,BUYER,0,28,-1,-1,5
888,T35,T36,28,9,21,24,-1,24,07T35@3,08T36@4,17,28,-1,-1,4
867,T22,T35,28,3,52,23,-1,23,05T22@2,07T35@3,17,28,-1,-1,3
556,T36,OTHER,28,3,57,10,-1,-1,09T36@4,BUYER,0,28,-1,-1,5
566,OTHER,T36,28,2,10,10,-1,-1,SELLER,00T36@0,0,28,-1,-1,0
570,T36,OTHER,28,1,57,10,-1,-1,09T36@4,BUYER,0,28,-1,-1,5
573,T36,OTHER,28,2,57,-1,-1,-1,09T36@4,BUYER,0,-1,-1,-1,5
574,T36,OTHER,28,1,57,-1,-1,-1,09T36@4,BUYER,0,-1,-1,-1,5
575,T36,OTHER,28,2,57,-1,-1,-1,08T36@4,BUYER,0,-1,-1,-1,5
576,T36,OTHER,28,2,57,-1,-1,-1,09T36@4,BUYER,0,-1,-1,-1,5
569,OTHER,T36,28,4,10,10,-1,-1,SELLER,00T36@0,0,28,-1,-1,0
567,T36,OTHER,28,2,57,10,-1,-1,09T36@4,BUYER,0,28,-1,-1,5
568,OTHER,T35,28,3,10,10,-1,-1,SELLER,01T35@0,0,28,-1,-1,0
595,T36,OTHER,29,3,57,-1,-1,-1,09T36@4,BUYER,0,-1,-1,-1,5
583,OTHER,T35,29,1,10,11,-1,-1,SELLER,01T35@0,0,29,-1,-1,0
582,T36,OTHER,29,3,57,11,-1,-1,08T36@4,BUYER,0,29,-1,-1,5
579,OTHER,T36,29,3,10,11,-1,-1,SELLER,00T36@0,0,29,-1,-1,0
580,OTHER,T36,29,4,10,11,-1,-1,SELLER,00T36@0,0,29,-1,-1,0
578,T36,OTHER,29,3,57,11,-1,-1,09T36@4,BUYER,0,29,-1,-1,5
599,T36,OTHER,29,1,57,-1,-1,-1,09T36@4,BUYER,0,-1,-1,-1,5
577,OTHER,T35,29,2,10,11,-1,-1,SELLER,01T35@0,0,29,-1,-1,0
581,OTHER,T36,29,2,10,11,-1,-1,SELLER,00T36@0,0,29,-1,-1,0
973,T35,T36,29,9,24,27,-1,27,07T35@3,08T36@4,17,29,-1,-1,4
585,OTHER,T36,29,1,10,11,-1,-1,SELLER,00T36@0,0,29,-1,-1,0
883,T22,T35,29,3,52,24,-1,24,05T22@2,07T35@3,17,29,-1,-1,3
588,T36,OTHER,29,2,57,11,-1,-1,09T36@4,BUYER,0,29,-1,-1,5
919,T35,T36,29,8,21,25,-1,25,07T35@3,09T36@4,17,29,-1,-1,4
590,T36,OTHER,29,1,57,11,-1,-1,08T36@4,BUYER,0,29,-1,-1,5
598,T36,OTHER,29,1,57,-1,-1,-1,09T36@4,BUYER,0,-1,-1,-1,5
591,OTHER,T36,29,1,10,11,-1,-1,SELLER,00T36@0,0,29,-1,-1,0
592,T36,OTHER,29,3,57,11,-1,-1,08T36@4,BUYER,0,29,-1,-1,5
586,OTHER,T36,29,2,10,11,-1,-1,SELLER,00T36@0,0,29,-1,-1,0
596,T36,OTHER,29,2,57,-1,-1,-1,09T36@4,BUYER,0,-1,-1,-1,5
597,T36,OTHER,29,1,57,-1,-1,-1,09T36@4,BUYER,0,-1,-1,-1,5
593,OTHER,T35,29,2,10,11,-1,-1,SELLER,01T35@0,0,29,-1,-1,0
594,OTHER,T35,29,2,10,11,-1,-1,SELLER,01T35@0,0,29,-1,-1,0
611,T36,OTHER,30,1,57,12,-1,-1,08T36@4,BUYER,0,30,-1,-1,5
602,T36,OTHER,30,3,57,12,-1,-1,08T36@4,BUYER,0,30,-1,-1,5
992,T35,T36,30,9,24,28,-1,28,07T35@3,08T36@4,17,30,-1,-1,4
600,OTHER,T35,30,1,10,12,-1,-1,SELLER,01T35@0,0,30,-1,-1,0
601,T36,OTHER,30,1,57,12,-1,-1,08T36@4,BUYER,0,30,-1,-1,5
1012,T35,T36,30,7,24,29,-1,29,07T35@3,08T36@4,17,30,-1,-1,4
804,T22,T35,30,3,53,20,-1,20,05T22@2,07T35@3,17,30,-1,-1,3
603,OTHER,T35,30,4,10,12,-1,-1,SELLER,01T35@0,0,30,-1,-1,0
613,T36,OTHER,30,1,57,12,-1,-1,08T36@4,BUYER,0,30,-1,-1,5
608,OTHER,T35,30,1,10,12,-1,-1,SELLER,01T35@0,0,30,-1,-1,0
606,OTHER,T36,30,1,10,12,-1,-1,SELLER,00T36@0,0,30,-1,-1,0
604,T36,OTHER,30,1,57,12,-1,-1,09T36@4,BUYER,0,30,-1,-1,5
607,OTHER,T35,30,1,10,12,-1,-1,SELLER,01T35@0,0,30,-1,-1,0
623,T36,OTHER,30,4,57,-1,-1,-1,09T36@4,BUYER,0,-1,-1,-1,5
622,T36,OTHER,30,3,57,-1,-1,-1,09T36@4,BUYER,0,-1,-1,-1,5
620,T36,OTHER,30,3,57,-1,-1,-1,08T36@4,BUYER,0,-1,-1,-1,5
619,OTHER,T35,30,3,10,12,-1,-1,SELLER,01T35@0,0,30,-1,-1,0
621,T36,OTHER,30,1,57,-1,-1,-1,08T36@4,BUYER,0,-1,-1,-1,5
609,OTHER,T35,30,1,10,12,-1,-1,SELLER,01T35@0,0,30,-1,-1,0
617,OTHER,T36,30,2,10,12,-1,-1,SELLER,00T36@0,0,30,-1,-1,0
616,OTHER,T36,30,2,10,12,-1,-1,SELLER,00T36@0,0,30,-1,-1,0
610,OTHER,T36,30,2,10,12,-1,-1,SELLER,00T36@0,0,30,-1,-1,0
614,T36,OTHER,30,2,57,12,-1,-1,09T36@4,BUYER,0,30,-1,-1,5
605,OTHER,T36,30,2,10,12,-1,-1,SELLER,00T36@0,0,30,-1,-1,0
638,T36,OTHER,31,2,57,13,-1,-1,09T36@4,BUYER,0,31,-1,-1,5
632,OTHER,T35,31,3,10,13,-1,-1,SELLER,01T35@0,0,31,-1,-1,0
633,T36,OTHER,31,3,57,13,-1,-1,09T36@4,BUYER,0,31,-1,-1,5
631,OTHER,T36,31,1,10,13,-1,-1,SELLER,00T36@0,0,31,-1,-1,0
636,OTHER,T36,31,2,10,13,-1,-1,SELLER,00T36@0,0,31,-1,-1,0
637,OTHER,T36,31,4,10,13,-1,-1,SELLER,00T36@0,0,31,-1,-1,0
639,OTHER,T36,31,1,10,13,-1,-1,SELLER,00T36@0,0,31,-1,-1,0
634,OTHER,T36,31,2,10,13,-1,-1,SELLER,00T36@0,0,31,-1,-1,0
641,T36,OTHER,31,3,57,-1,-1,-1,08T36@4,BUYER,0,-1,-1,-1,5
642,T36,OTHER,31,3,57,-1,-1,-1,08T36@4,BUYER,0,-1,-1,-1,5
643,T36,OTHER,31,2,57,-1,-1,-1,08T36@4,BUYER,0,-1,-1,-1,5
644,T36,OTHER,31,1,57,-1,-1,-1,09T36@4,BUYER,0,-1,-1,-1,5
630,T36,OTHER,31,2,57,13,-1,-1,09T36@4,BUYER,0,31,-1,-1,5
626,OTHER,T35,31,1,10,13,-1,-1,SELLER,01T35@0,0,31,-1,-1,0
625,T36,OTHER,31,4,57,13,-1,-1,08T36@4,BUYER,0,31,-1,-1,5
624,OTHER,T35,31,3,10,13,-1,-1,SELLER,01T35@0,0,31,-1,-1,0
640,OTHER,T36,31,1,10,13,-1,-1,SELLER,00T36@0,0,31,-1,-1,0
629,OTHER,T36,31,2,10,13,-1,-1,SELLER,00T36@0,0,31,-1,-1,0
1055,T35,T36,32,7,24,31,-1,31,07T35@3,08T36@4,17,32,-1,-1,4
987,T35,T36,32,8,21,28,-1,28,07T35@3,09T36@4,17,32,-1,-1,4
652,OTHER,T36,32,2,10,14,-1,-1,SELLER,00T36@0,0,32,-1,-1,0
645,T36,OTHER,32,2,57,14,-1,-1,08T36@4,BUYER,0,32,-1,-1,5
653,T36,OTHER,32,1,57,14,-1,-1,09T36@4,BUYER,0,32,-1,-1,5
654,OTHER,T35,32,1,10,14,-1,-1,SELLER,01T35@0,0,32,-1,-1,0
655,OTHER,T35,32,4,10,14,-1,-1,SELLER,01T35@0,0,32,-1,-1,0
656,OTHER,T35,32,2,10,14,-1,-1,SELLER,01T35@0,0,32,-1,-1,0
657,OTHER,T36,32,5,10,14,-1,-1,SELLER,00T36@0,0,32,-1,-1,0
658,OTHER,T36,32,1,10,14,-1,-1,SELLER,00T36@0,0,32,-1,-1,0
841,T22,T35,32,3,53,22,-1,22,05T22@2,07T35@3,17,32,-1,-1,3
661,OTHER,T35,32,3,10,14,-1,-1,SELLER,01T35@0,0,32,-1,-1,0
649,T36,OTHER,32,3,57,14,-1,-1,09T36@4,BUYER,0,32,-1,-1,5
663,T36,OTHER,32,5,57,-1,-1,-1,09T36@4,BUYER,0,-1,-1,-1,5
664,T36,OTHER,32,2,57,-1,-1,-1,09T36@4,BUYER,0,-1,-1,-1,5
665,T36,OTHER,32,1,57,-1,-1,-1,09T36@4,BUYER,0,-1,-1,-1,5
648,T36,OTHER,32,1,57,14,-1,-1,09T36@4,BUYER,0,32,-1,-1,5
647,T36,OTHER,32,2,57,14,-1,-1,08T36@4,BUYER,0,32,-1,-1,5
646,OTHER,T35,32,1,10,14,-1,-1,SELLER,01T35@0,0,32,-1,-1,0
662,T36,OTHER,32,3,57,-1,-1,-1,08T36@4,BUYER,0,-1,-1,-1,5
660,OTHER,T36,32,1,10,14,-1,-1,SELLER,00T36@0,0,32,-1,-1,0
1010,T35,T36,33,9,21,29,-1,29,07T35@3,09T36@4,17,33,-1,-1,4
1098,T35,T36,33,1,22,33,-1,33,07T35@3,08T36@4,17,33,-1,-1,4
980,T22,T35,33,3,52,28,-1,28,05T22@2,07T35@3,17,33,-1,-1,3
686,T36,OTHER,33,1,57,-1,-1,-1,09T36@4,BUYER,0,-1,-1,-1,5
666,OTHER,T35,33,3,10,15,-1,-1,SELLER,01T35@0,0,33,-1,-1,0
689,T36,OTHER,33,2,57,-1,-1,-1,09T36@4,BUYER,0,-1,-1,-1,5
688,T36,OTHER,33,2,57,-1,-1,-1,08T36@4,BUYER,0,-1,-1,-1,5
687,T36,OTHER,33,2,57,-1,-1,-1,08T36@4,BUYER,0,-1,-1,-1,5
685,T36,OTHER,33,2,57,-1,-1,-1,09T36@4,BUYER,0,-1,-1,-1,5
684,OTHER,T35,33,1,10,15,-1,-1,SELLER,01T35@0,0,33,-1,-1,0
683,OTHER,T36,33,2,10,15,-1,-1,SELLER,00T36@0,0,33,-1,-1,0
682,T36,OTHER,33,1,57,15,-1,-1,08T36@4,BUYER,0,33,-1,-1,5
681,OTHER,T35,33,1,10,15,-1,-1,SELLER,01T35@0,0,33,-1,-1,0
679,OTHER,T35,33,1,10,15,-1,-1,SELLER,01T35@0,0,33,-1,-1,0
680,T36,OTHER,33,2,57,15,-1,-1,08T36@4,BUYER,0,33,-1,-1,5
677,T36,OTHER,33,1,57,15,-1,-1,08T36@4,BUYER,0,33,-1,-1,5
676,OTHER,T36,33,3,10,15,-1,-1,SELLER,00T36@0,0,33,-1,-1,0
672,OTHER,T35,33,3,10,15,-1,-1,SELLER,01T35@0,0,33,-1,-1,0
671,T36,OTHER,33,2,57,15,-1,-1,08T36@4,BUYER,0,33,-1,-1,5
670,OTHER,T35,33,1,10,15,-1,-1,SELLER,01T35@0,0,33,-1,-1,0
669,T36,OTHER,33,2,57,15,-1,-1,09T36@4,BUYER,0,33,-1,-1,5
668,OTHER,T35,33,1,10,15,-1,-1,SELLER,01T35@0,0,33,-1,-1,0
667,T36,OTHER,33,3,57,15,-1,-1,09T36@4,BUYER,0,33,-1,-1,5
678,OTHER,T35,33,4,10,15,-1,-1,SELLER,01T35@0,0,33,-1,-1,0
709,T36,OTHER,34,3,57,-1,-1,-1,08T36@4,BUYER,0,-1,-1,-1,5
690,OTHER,T36,34,1,10,16,-1,-1,SELLER,00T36@0,0,34,-1,-1,0
1130,T35,T36,34,1,22,34,-1,34,07T35@3,09T36@4,17,34,-1,-1,4
691,T36,OTHER,34,3,57,16,-1,-1,09T36@4,BUYER,0,34,-1,-1,5
710,T36,OTHER,34,1,57,-1,-1,-1,09T36@4,BUYER,0,-1,-1,-1,5
1095,T35,T36,34,6,24,33,-1,33,07T35@3,09T36@4,17,34,-1,-1,4
711,T36,OTHER,34,3,57,-1,-1,-1,08T36@4,BUYER,0,-1,-1,-1,5
712,T36,OTHER,34,3,57,-1,-1,-1,09T36@4,BUYER,0,-1,-1,-1,5
708,T36,OTHER,34,1,57,16,-1,-1,08T36@4,BUYER,0,34,-1,-1,5
707,OTHER,T36,34,1,10,16,-1,-1,SELLER,00T36@0,0,34,-1,-1,0
705,OTHER,T35,34,3,10,16,-1,-1,SELLER,01T35@0,0,34,-1,-1,0
704,T36,OTHER,34,1,57,16,-1,-1,08T36@4,BUYER,0,34,-1,-1,5
703,OTHER,T36,34,4,10,16,-1,-1,SELLER,00T36@0,0,34,-1,-1,0
702,OTHER,T36,34,2,10,16,-1,-1,SELLER,00T36@0,0,34,-1,-1,0
701,OTHER,T36,34,1,10,16,-1,-1,SELLER,00T36@0,0,34,-1,-1,0
700,OTHER,T36,34,2,10,16,-1,-1,SELLER,00T36@0,0,34,-1,-1,0
1011,T22,T35,34,3,52,29,-1,29,05T22@2,07T35@3,17,34,-1,-1,3
698,OTHER,T36,34,3,10,16,-1,-1,SELLER,00T36@0,0,34,-1,-1,0
697,T36,OTHER,34,1,57,16,-1,-1,09T36@4,BUYER,0,34,-1,-1,5
1026,T35,T36,34,9,21,30,-1,30,07T35@3,09T36@4,17,34,-1,-1,4
696,T36,OTHER,34,3,57,16,-1,-1,08T36@4,BUYER,0,34,-1,-1,5
1029,T35,T36,34,8,21,30,-1,30,07T35@3,08T36@4,17,34,-1,-1,4
695,T36,OTHER,34,1,57,16,-1,-1,08T36@4,BUYER,0,34,-1,-1,5
693,OTHER,T35,34,2,10,16,-1,-1,SELLER,01T35@0,0,34,-1,-1,0
692,OTHER,T36,34,1,10,16,-1,-1,SELLER,00T36@0,0,34,-1,-1,0
1032,T22,T35,35,3,52,30,-1,30,05T22@2,07T35@3,17,35,-1,-1,3
1053,T35,T36,35,9,21,31,-1,31,07T35@3,09T36@4,17,35,-1,-1,4
1147,T35,T36,35,1,22,35,-1,35,07T35@3,09T36@4,17,35,-1,-1,4
1146,T35,T36,35,1,22,35,-1,35,07T35@3,08T36@4,17,35,-1,-1,4
924,T22,T35,35,3,53,25,-1,25,05T22@2,07T35@3,17,35,-1,-1,3
1129,T35,T36,35,5,24,34,-1,34,07T35@3,08T36@4,17,35,-1,-1,4
725,OTHER,T35,35,2,10,17,-1,-1,SELLER,01T35@0,0,35,-1,-1,0
732,T36,OTHER,35,1,57,-1,-1,-1,08T36@4,BUYER,0,-1,-1,-1,5
730,OTHER,T35,35,1,10,17,-1,-1,SELLER,01T35@0,0,35,-1,-1,0
733,T36,OTHER,35,2,57,-1,-1,-1,08T36@4,BUYER,0,-1,-1,-1,5
729,T36,OTHER,35,1,57,17,-1,-1,09T36@4,BUYER,0,35,-1,-1,5
728,OTHER,T36,35,1,10,17,-1,-1,SELLER,00T36@0,0,35,-1,-1,0
734,T36,OTHER,35,1,57,-1,-1,-1,08T36@4,BUYER,0,-1,-1,-1,5
726,OTHER,T35,35,2,10,17,-1,-1,SELLER,01T35@0,0,35,-1,-1,0
724,OTHER,T35,35,2,10,17,-1,-1,SELLER,01T35@0,0,35,-1,-1,0
722,OTHER,T36,35,1,10,17,-1,-1,SELLER,00T36@0,0,35,-1,-1,0
721,OTHER,T36,35,4,10,17,-1,-1,SELLER,00T36@0,0,35,-1,-1,0
735,T36,OTHER,35,3,57,-1,-1,-1,08T36@4,BUYER,0,-1,-1,-1,5
718,T36,OTHER,35,1,57,17,-1,-1,08T36@4,BUYER,0,35,-1,-1,5
717,OTHER,T36,35,1,10,17,-1,-1,SELLER,00T36@0,0,35,-1,-1,0
716,T36,OTHER,35,3,57,17,-1,-1,08T36@4,BUYER,0,35,-1,-1,5
715,T36,OTHER,35,1,57,17,-1,-1,09T36@4,BUYER,0,35,-1,-1,5
736,T36,OTHER,35,1,57,-1,-1,-1,08T36@4,BUYER,0,-1,-1,-1,5
737,T36,OTHER,35,2,57,-1,-1,-1,08T36@4,BUYER,0,-1,-1,-1,5
714,OTHER,T35,35,3,10,17,-1,-1,SELLER,01T35@0,0,35,-1,-1,0
713,OTHER,T35,35,1,10,17,-1,-1,SELLER,01T35@0,0,35,-1,-1,0
720,T36,OTHER,35,4,57,17,-1,-1,09T36@4,BUYER,0,35,-1,-1,5
731,OTHER,T36,35,2,10,17,-1,-1,SELLER,00T36@0,0,35,-1,-1,0
744,T36,OTHER,36,2,57,18,-1,-1,08T36@4,BUYER,0,36,-1,-1,5
743,T36,OTHER,36,1,57,18,-1,-1,08T36@4,BUYER,0,36,-1,-1,5
742,T36,OTHER,36,1,57,18,-1,-1,09T36@4,BUYER,0,36,-1,-1,5
754,T36,OTHER,36,1,57,18,-1,-1,09T36@4,BUYER,0,36,-1,-1,5
745,OTHER,T35,36,5,10,18,-1,-1,SELLER,01T35@0,0,36,-1,-1,0
761,T36,OTHER,36,1,57,-1,-1,-1,08T36@4,BUYER,0,-1,-1,-1,5
741,OTHER,T36,36,2,10,18,-1,-1,SELLER,00T36@0,0,36,-1,-1,0
746,OTHER,T36,36,2,10,18,-1,-1,SELLER,00T36@0,0,36,-1,-1,0
747,OTHER,T35,36,1,10,18,-1,-1,SELLER,01T35@0,0,36,-1,-1,0
749,OTHER,T35,36,1,10,18,-1,-1,SELLER,01T35@0,0,36,-1,-1,0
750,OTHER,T36,36,2,10,18,-1,-1,SELLER,00T36@0,0,36,-1,-1,0
755,T36,OTHER,36,1,57,18,-1,-1,09T36@4,BUYER,0,36,-1,-1,5
740,T36,OTHER,36,1,57,18,-1,-1,09T36@4,BUYER,0,36,-1,-1,5
758,T36,OTHER,36,3,57,-1,-1,-1,09T36@4,BUYER,0,-1,-1,-1,5
1166,T35,T36,36,1,22,36,-1,36,07T35@3,09T36@4,17,36,-1,-1,4
739,T36,OTHER,36,2,57,18,-1,-1,08T36@4,BUYER,0,36,-1,-1,5
756,OTHER,T35,36,1,10,18,-1,-1,SELLER,01T35@0,0,36,-1,-1,0
752,OTHER,T36,36,2,10,18,-1,-1,SELLER,00T36@0,0,36,-1,-1,0
1075,T35,T36,36,9,21,32,-1,32,07T35@3,08T36@4,17,36,-1,-1,4
1065,T35,T36,36,8,21,32,-1,32,07T35@3,09T36@4,17,36,-1,-1,4
1057,T22,T35,36,3,52,31,-1,31,05T22@2,07T35@3,17,36,-1,-1,3
947,T22,T35,36,3,53,26,-1,26,05T22@2,07T35@3,17,36,-1,-1,3
757,OTHER,T36,36,1,10,18,-1,-1,SELLER,00T36@0,0,36,-1,-1,0
759,T36,OTHER,36,4,57,-1,-1,-1,08T36@4,BUYER,0,-1,-1,-1,5
760,T36,OTHER,36,3,57,-1,-1,-1,09T36@4,BUYER,0,-1,-1,-1,5
753,OTHER,T36,36,3,10,18,-1,-1,SELLER,00T36@0,0,36,-1,-1,0
965,T22,T35,37,3,53,27,-1,27,05T22@2,07T35@3,17,37,-1,-1,3
1171,T35,T36,37,5,24,36,-1,36,07T35@3,08T36@4,17,37,-1,-1,4
762,OTHER,T35,37,2,10,19,-1,-1,SELLER,01T35@0,0,37,-1,-1,0
771,T36,OTHER,37,1,57,19,-1,-1,09T36@4,BUYER,0,37,-1,-1,5
782,T36,OTHER,37,1,57,-1,-1,-1,08T36@4,BUYER,0,-1,-1,-1,5
763,T36,OTHER,37,3,57,19,-1,-1,08T36@4,BUYER,0,37,-1,-1,5
764,T36,OTHER,37,3,57,19,-1,-1,09T36@4,BUYER,0,37,-1,-1,5
765,T36,OTHER,37,3,57,19,-1,-1,08T36@4,BUYER,0,37,-1,-1,5
768,OTHER,T36,37,1,10,19,-1,-1,SELLER,00T36@0,0,37,-1,-1,0
769,OTHER,T36,37,1,10,19,-1,-1,SELLER,00T36@0,0,37,-1,-1,0
770,OTHER,T35,37,2,10,19,-1,-1,SELLER,01T35@0,0,37,-1,-1,0
772,OTHER,T35,37,1,10,19,-1,-1,SELLER,01T35@0,0,37,-1,-1,0
774,OTHER,T36,37,3,10,19,-1,-1,SELLER,00T36@0,0,37,-1,-1,0
775,OTHER,T36,37,2,10,19,-1,-1,SELLER,00T36@0,0,37,-1,-1,0
776,OTHER,T36,37,2,10,19,-1,-1,SELLER,00T36@0,0,37,-1,-1,0
777,OTHER,T35,37,1,10,19,-1,-1,SELLER,01T35@0,0,37,-1,-1,0
778,OTHER,T35,37,2,10,19,-1,-1,SELLER,01T35@0,0,37,-1,-1,0
779,T36,OTHER,37,1,57,19,-1,-1,09T36@4,BUYER,0,37,-1,-1,5
780,OTHER,T35,37,1,10,19,-1,-1,SELLER,01T35@0,0,37,-1,-1,0
781,OTHER,T35,37,2,10,19,-1,-1,SELLER,01T35@0,0,37,-1,-1,0
784,T36,OTHER,37,1,57,-1,-1,-1,08T36@4,BUYER,0,-1,-1,-1,5
783,T36,OTHER,37,2,57,-1,-1,-1,08T36@4,BUYER,0,-1,-1,-1,5
786,T36,OTHER,37,3,57,-1,-1,-1,08T36@4,BUYER,0,-1,-1,-1,5
787,T36,OTHER,37,1,57,-1,-1,-1,08T36@4,BUYER,0,-1,-1,-1,5
785,T36,OTHER,37,1,57,-1,-1,-1,08T36@4,BUYER,0,-1,-1,-1,5
797,T36,OTHER,38,2,57,20,-1,-1,09T36@4,BUYER,0,38,-1,-1,5
796,OTHER,T35,38,2,10,20,-1,-1,SELLER,01T35@0,0,38,-1,-1,0
795,OTHER,T36,38,1,10,20,-1,-1,SELLER,00T36@0,0,38,-1,-1,0
794,OTHER,T35,38,4,10,20,-1,-1,SELLER,01T35@0,0,38,-1,-1,0
809,T36,OTHER,38,3,57,-1,-1,-1,09T36@4,BUYER,0,-1,-1,-1,5
799,OTHER,T35,38,3,10,20,-1,-1,SELLER,01T35@0,0,38,-1,-1,0
808,T36,OTHER,38,3,57,-1,-1,-1,08T36@4,BUYER,0,-1,-1,-1,5
798,T36,OTHER,38,1,57,20,-1,-1,08T36@4,BUYER,0,38,-1,-1,5
805,OTHER,T35,38,1,10,20,-1,-1,SELLER,01T35@0,0,38,-1,-1,0
800,OTHER,T36,38,1,10,20,-1,-1,SELLER,00T36@0,0,38,-1,-1,0
807,T36,OTHER,38,2,57,-1,-1,-1,09T36@4,BUYER,0,-1,-1,-1,5
793,T36,OTHER,38,2,57,20,-1,-1,09T36@4,BUYER,0,38,-1,-1,5
792,OTHER,T35,38,1,10,20,-1,-1,SELLER,01T35@0,0,38,-1,-1,0
791,T36,OTHER,38,4,57,20,-1,-1,08T36@4,BUYER,0,38,-1,-1,5
802,OTHER,T36,38,3,10,20,-1,-1,SELLER,00T36@0,0,38,-1,-1,0
790,OTHER,T36,38,3,10,20,-1,-1,SELLER,00T36@0,0,38,-1,-1,0
789,OTHER,T36,38,1,10,20,-1,-1,SELLER,00T36@0,0,38,-1,-1,0
806,T36,OTHER,38,2,57,-1,-1,-1,08T36@4,BUYER,0,-1,-1,-1,5
803,T36,OTHER,38,1,57,20,-1,-1,09T36@4,BUYER,0,38,-1,-1,5
1183,T35,T36,39,10,24,37,-1,37,07T35@3,09T36@4,17,39,-1,-1,4
812,T36,OTHER,39,1,57,21,-1,-1,09T36@4,BUYER,0,39,-1,-1,5
832,T36,OTHER,39,2,57,-1,-1,-1,08T36@4,BUYER,0,-1,-1,-1,5
813,OTHER,T35,39,4,10,21,-1,-1,SELLER,01T35@0,0,39,-1,-1,0
810,OTHER,T35,39,1,10,21,-1,-1,SELLER,01T35@0,0,39,-1,-1,0
815,OTHER,T36,39,4,10,21,-1,-1,SELLER,00T36@0,0,39,-1,-1,0
816,OTHER,T35,39,2,10,21,-1,-1,SELLER,01T35@0,0,39,-1,-1,0
817,OTHER,T35,39,1,10,21,-1,-1,SELLER,01T35@0,0,39,-1,-1,0
819,OTHER,T35,39,2,10,21,-1,-1,SELLER,01T35@0,0,39,-1,-1,0
821,OTHER,T35,39,1,10,21,-1,-1,SELLER,01T35@0,0,39,-1,-1,0
833,T36,OTHER,39,1,57,-1,-1,-1,08T36@4,BUYER,0,-1,-1,-1,5
822,OTHER,T36,39,1,10,21,-1,-1,SELLER,00T36@0,0,39,-1,-1,0
824,T36,OTHER,39,1,57,-1,-1,-1,08T36@4,BUYER,0,-1,-1,-1,5
825,T36,OTHER,39,3,57,-1,-1,-1,08T36@4,BUYER,0,-1,-1,-1,5
826,T36,OTHER,39,3,57,-1,-1,-1,09T36@4,BUYER,0,-1,-1,-1,5
827,T36,OTHER,39,3,57,-1,-1,-1,09T36@4,BUYER,0,-1,-1,-1,5
828,T36,OTHER,39,1,57,-1,-1,-1,09T36@4,BUYER,0,-1,-1,-1,5
829,T36,OTHER,39,2,57,-1,-1,-1,08T36@4,BUYER,0,-1,-1,-1,5
830,T36,OTHER,39,2,57,-1,-1,-1,09T36@4,BUYER,0,-1,-1,-1,5
831,T36,OTHER,39,1,57,-1,-1,-1,09T36@4,BUYER,0,-1,-1,-1,5
823,OTHER,T36,39,2,10,21,-1,-1,SELLER,00T36@0,0,39,-1,-1,0
811,OTHER,T36,39,2,10,21,-1,-1,SELLER,00T36@0,0,39,-1,-1,0
1218,T35,T36,40,10,24,38,-1,38,07T35@3,09T36@4,17,40,-1,-1,4
853,T36,OTHER,40,2,57,-1,-1,-1,08T36@4,BUYER,0,-1,-1,-1,5
852,T36,OTHER,40,2,57,-1,-1,-1,08T36@4,BUYER,0,-1,-1,-1,5
857,T36,OTHER,40,2,57,-1,-1,-1,08T36@4,BUYER,0,-1,-1,-1,5
856,T36,OTHER,40,2,57,-1,-1,-1,09T36@4,BUYER,0,-1,-1,-1,5
855,T36,OTHER,40,1,57,-1,-1,-1,09T36@4,BUYER,0,-1,-1,-1,5
854,T36,OTHER,40,1,57,-1,-1,-1,09T36@4,BUYER,0,-1,-1,-1,5
851,T36,OTHER,40,2,57,-1,-1,-1,08T36@4,BUYER,0,-1,-1,-1,5
850,T36,OTHER,40,4,57,-1,-1,-1,09T36@4,BUYER,0,-1,-1,-1,5
849,T36,OTHER,40,3,57,-1,-1,-1,08T36@4,BUYER,0,-1,-1,-1,5
847,OTHER,T35,40,3,10,22,-1,-1,SELLER,01T35@0,0,40,-1,-1,0
846,OTHER,T36,40,1,10,22,-1,-1,SELLER,00T36@0,0,40,-1,-1,0
848,T36,OTHER,40,1,57,-1,-1,-1,09T36@4,BUYER,0,-1,-1,-1,5
844,OTHER,T35,40,2,10,22,-1,-1,SELLER,01T35@0,0,40,-1,-1,0
843,OTHER,T36,40,4,10,22,-1,-1,SELLER,00T36@0,0,40,-1,-1,0
840,OTHER,T36,40,4,10,22,-1,-1,SELLER,00T36@0,0,40,-1,-1,0
838,OTHER,T36,40,1,10,22,-1,-1,SELLER,00T36@0,0,40,-1,-1,0
837,OTHER,T36,40,1,10,22,-1,-1,SELLER,00T36@0,0,40,-1,-1,0
836,OTHER,T36,40,1,10,22,-1,-1,SELLER,00T36@0,0,40,-1,-1,0
835,OTHER,T36,40,1,10,22,-1,-1,SELLER,00T36@0,0,40,-1,-1,0
834,OTHER,T35,40,1,10,22,-1,-1,SELLER,01T35@0,0,40,-1,-1,0
845,OTHER,T35,40,1,10,22,-1,-1,SELLER,01T35@0,0,40,-1,-1,0
865,OTHER,T36,41,3,10,23,-1,-1,SELLER,00T36@0,0,41,-1,-1,0
870,T36,OTHER,41,2,57,-1,-1,-1,09T36@4,BUYER,0,-1,-1,-1,5
869,OTHER,T35,41,2,10,23,-1,-1,SELLER,01T35@0,0,41,-1,-1,0
868,OTHER,T36,41,1,10,23,-1,-1,SELLER,00T36@0,0,41,-1,-1,0
864,OTHER,T35,41,2,10,23,-1,-1,SELLER,01T35@0,0,41,-1,-1,0
877,T36,OTHER,41,1,57,-1,-1,-1,08T36@4,BUYER,0,-1,-1,-1,5
861,OTHER,T36,41,2,10,23,-1,-1,SELLER,00T36@0,0,41,-1,-1,0
860,OTHER,T36,41,3,10,23,-1,-1,SELLER,00T36@0,0,41,-1,-1,0
859,OTHER,T36,41,2,10,23,-1,-1,SELLER,00T36@0,0,41,-1,-1,0
858,OTHER,T35,41,3,10,23,-1,-1,SELLER,01T35@0,0,41,-1,-1,0
876,T36,OTHER,41,1,57,-1,-1,-1,08T36@4,BUYER,0,-1,-1,-1,5
863,OTHER,T35,41,2,10,23,-1,-1,SELLER,01T35@0,0,41,-1,-1,0
1217,T35,T36,41,10,21,38,-1,38,07T35@3,08T36@4,17,41,-1,-1,4
1186,T35,T36,41,9,21,37,-1,37,07T35@3,08T36@4,17,41,-1,-1,4
878,T36,OTHER,41,1,57,-1,-1,-1,09T36@4,BUYER,0,-1,-1,-1,5
872,T36,OTHER,41,1,57,-1,-1,-1,09T36@4,BUYER,0,-1,-1,-1,5
873,T36,OTHER,41,2,57,-1,-1,-1,08T36@4,BUYER,0,-1,-1,-1,5
874,T36,OTHER,41,3,57,-1,-1,-1,09T36@4,BUYER,0,-1,-1,-1,5
871,T36,OTHER,41,5,57,-1,-1,-1,08T36@4,BUYER,0,-1,-1,-1,5
879,T36,OTHER,41,1,57,-1,-1,-1,09T36@4,BUYER,0,-1,-1,-1,5
875,T36,OTHER,41,3,57,-1,-1,-1,09T36@4,BUYER,0,-1,-1,-1,5
1232,T35,T36,41,10,24,39,-1,39,07T35@3,08T36@4,17,41,-1,-1,4
882,OTHER,T35,42,2,10,24,-1,-1,SELLER,01T35@0,0,42,-1,-1,0
892,OTHER,T36,42,1,10,24,-1,-1,SELLER,00T36@0,0,42,-1,-1,0
885,OTHER,T35,42,1,10,24,-1,-1,SELLER,01T35@0,0,42,-1,-1,0
886,OTHER,T35,42,2,10,24,-1,-1,SELLER,01T35@0,0,42,-1,-1,0
887,OTHER,T35,42,1,10,24,-1,-1,SELLER,01T35@0,0,42,-1,-1,0
889,OTHER,T36,42,1,10,24,-1,-1,SELLER,00T36@0,0,42,-1,-1,0
890,OTHER,T36,42,5,10,24,-1,-1,SELLER,00T36@0,0,42,-1,-1,0
891,OTHER,T36,42,2,10,24,-1,-1,SELLER,00T36@0,0,42,-1,-1,0
880,OTHER,T35,42,3,10,24,-1,-1,SELLER,01T35@0,0,42,-1,-1,0
884,OTHER,T35,42,2,10,24,-1,-1,SELLER,01T35@0,0,42,-1,-1,0
893,T36,OTHER,42,2,57,-1,-1,-1,09T36@4,BUYER,0,-1,-1,-1,5
895,T36,OTHER,42,1,57,-1,-1,-1,09T36@4,BUYER,0,-1,-1,-1,5
896,T36,OTHER,42,2,57,-1,-1,-1,09T36@4,BUYER,0,-1,-1,-1,5
897,T36,OTHER,42,2,57,-1,-1,-1,09T36@4,BUYER,0,-1,-1,-1,5
1081,T22,T35,42,3,53,32,-1,32,05T22@2,07T35@3,17,42,-1,-1,3
898,T36,OTHER,42,2,57,-1,-1,-1,09T36@4,BUYER,0,-1,-1,-1,5
899,T36,OTHER,42,1,57,-1,-1,-1,09T36@4,BUYER,0,-1,-1,-1,5
900,T36,OTHER,42,3,57,-1,-1,-1,09T36@4,BUYER,0,-1,-1,-1,5
901,T36,OTHER,42,1,57,-1,-1,-1,08T36@4,BUYER,0,-1,-1,-1,5
902,T36,OTHER,42,2,57,-1,-1,-1,08T36@4,BUYER,0,-1,-1,-1,5
903,T36,OTHER,42,3,57,-1,-1,-1,08T36@4,BUYER,0,-1,-1,-1,5
1259,T35,T36,42,10,24,40,-1,40,07T35@3,08T36@4,17,42,-1,-1,4
1258,T35,T36,42,10,24,40,-1,40,07T35@3,09T36@4,17,42,-1,-1,4
1240,T35,T36,42,11,21,39,-1,39,07T35@3,09T36@4,17,42,-1,-1,4
894,T36,OTHER,42,1,57,-1,-1,-1,08T36@4,BUYER,0,-1,-1,-1,5
1092,T22,T35,43,3,53,33,-1,33,05T22@2,07T35@3,17,43,-1,-1,3
1223,T22,T35,43,3,52,38,-1,38,05T22@2,07T35@3,17,43,-1,-1,3
915,T36,OTHER,43,2,57,25,-1,-1,09T36@4,BUYER,0,43,-1,-1,5
907,OTHER,T36,43,1,10,25,-1,-1,SELLER,00T36@0,0,43,-1,-1,0
928,T36,OTHER,43,2,57,-1,-1,-1,08T36@4,BUYER,0,-1,-1,-1,5
927,T36,OTHER,43,4,57,-1,-1,-1,08T36@4,BUYER,0,-1,-1,-1,5
925,OTHER,T35,43,1,10,25,-1,-1,SELLER,01T35@0,0,43,-1,-1,0
923,T36,OTHER,43,1,57,25,-1,-1,09T36@4,BUYER,0,43,-1,-1,5
922,T36,OTHER,43,2,57,25,-1,-1,08T36@4,BUYER,0,43,-1,-1,5
921,OTHER,T35,43,1,10,25,-1,-1,SELLER,01T35@0,0,43,-1,-1,0
920,OTHER,T36,43,2,10,25,-1,-1,SELLER,00T36@0,0,43,-1,-1,0
918,OTHER,T36,43,4,10,25,-1,-1,SELLER,00T36@0,0,43,-1,-1,0
917,T36,OTHER,43,1,57,25,-1,-1,09T36@4,BUYER,0,43,-1,-1,5
916,T36,OTHER,43,2,57,25,-1,-1,08T36@4,BUYER,0,43,-1,-1,5
913,OTHER,T35,43,3,10,25,-1,-1,SELLER,01T35@0,0,43,-1,-1,0
914,T36,OTHER,43,1,57,25,-1,-1,08T36@4,BUYER,0,43,-1,-1,5
911,T36,OTHER,43,1,57,25,-1,-1,08T36@4,BUYER,0,43,-1,-1,5
910,OTHER,T36,43,2,10,25,-1,-1,SELLER,00T36@0,0,43,-1,-1,0
909,OTHER,T35,43,3,10,25,-1,-1,SELLER,01T35@0,0,43,-1,-1,0
908,T36,OTHER,43,2,57,25,-1,-1,09T36@4,BUYER,0,43,-1,-1,5
904,OTHER,T35,43,1,10,25,-1,-1,SELLER,01T35@0,0,43,-1,-1,0
905,OTHER,T35,43,1,10,25,-1,-1,SELLER,01T35@0,0,43,-1,-1,0
906,OTHER,T36,43,1,10,25,-1,-1,SELLER,00T36@0,0,43,-1,-1,0
912,T36,OTHER,43,2,57,25,-1,-1,09T36@4,BUYER,0,43,-1,-1,5
932,OTHER,T35,44,3,10,26,-1,-1,SELLER,01T35@0,0,44,-1,-1,0
934,T36,OTHER,44,4,57,26,-1,-1,09T36@4,BUYER,0,44,-1,-1,5
935,OTHER,T36,44,1,10,26,-1,-1,SELLER,00T36@0,0,44,-1,-1,0
933,T36,OTHER,44,1,57,26,-1,-1,08T36@4,BUYER,0,44,-1,-1,5
936,T36,OTHER,44,2,57,26,-1,-1,08T36@4,BUYER,0,44,-1,-1,5
931,T36,OTHER,44,2,57,26,-1,-1,08T36@4,BUYER,0,44,-1,-1,5
1127,T22,T35,44,3,53,34,-1,34,05T22@2,07T35@3,17,44,-1,-1,3
929,T36,OTHER,44,3,57,26,-1,-1,08T36@4,BUYER,0,44,-1,-1,5
938,OTHER,T36,44,1,10,26,-1,-1,SELLER,00T36@0,0,44,-1,-1,0
946,OTHER,T36,44,1,10,26,-1,-1,SELLER,00T36@0,0,44,-1,-1,0
1327,T35,T36,44,6,24,43,-1,43,07T35@3,09T36@4,17,44,-1,-1,4
1278,T35,T36,44,11,21,41,-1,41,07T35@3,09T36@4,17,44,-1,-1,4
930,OTHER,T35,44,2,10,26,-1,-1,SELLER,01T35@0,0,44,-1,-1,0
939,T36,OTHER,44,1,57,26,-1,-1,09T36@4,BUYER,0,44,-1,-1,5
944,OTHER,T35,44,3,10,26,-1,-1,SELLER,01T35@0,0,44,-1,-1,0
942,OTHER,T36,44,3,10,26,-1,-1,SELLER,00T36@0,0,44,-1,-1,0
948,T36,OTHER,44,2,57,26,-1,-1,09T36@4,BUYER,0,44,-1,-1,5
949,OTHER,T36,44,3,10,26,-1,-1,SELLER,00T36@0,0,44,-1,-1,0
950,T36,OTHER,44,3,57,-1,-1,-1,08T36@4,BUYER,0,-1,-1,-1,5
943,OTHER,T35,44,2,10,26,-1,-1,SELLER,01T35@0,0,44,-1,-1,0
941,T36,OTHER,44,2,57,26,-1,-1,09T36@4,BUYER,0,44,-1,-1,5
940,OTHER,T36,44,1,10,26,-1,-1,SELLER,00T36@0,0,44,-1,-1,0
975,OTHER,T35,45,2,10,27,-1,-1,SELLER,01T35@0,0,45,-1,-1,0
1283,T35,T36,45,9,21,41,-1,41,07T35@3,08T36@4,17,45,-1,-1,4
952,T36,OTHER,45,1,57,27,-1,-1,09T36@4,BUYER,0,45,-1,-1,5
963,T36,OTHER,45,2,57,27,-1,-1,08T36@4,BUYER,0,45,-1,-1,5
971,T36,OTHER,45,3,57,27,-1,-1,09T36@4,BUYER,0,45,-1,-1,5
951,T36,OTHER,45,1,57,27,-1,-1,09T36@4,BUYER,0,45,-1,-1,5
967,T36,OTHER,45,2,57,27,-1,-1,08T36@4,BUYER,0,45,-1,-1,5
968,OTHER,T36,45,2,10,27,-1,-1,SELLER,00T36@0,0,45,-1,-1,0
953,OTHER,T36,45,1,10,27,-1,-1,SELLER,00T36@0,0,45,-1,-1,0
966,T36,OTHER,45,1,57,27,-1,-1,08T36@4,BUYER,0,45,-1,-1,5
962,OTHER,T36,45,2,10,27,-1,-1,SELLER,00T36@0,0,45,-1,-1,0
955,OTHER,T35,45,1,10,27,-1,-1,SELLER,01T35@0,0,45,-1,-1,0
1328,T35,T36,45,9,24,43,-1,43,07T35@3,08T36@4,17,45,-1,-1,4
972,T36,OTHER,45,2,57,27,-1,-1,09T36@4,BUYER,0,45,-1,-1,5
1374,T35,T36,45,2,22,45,-1,45,07T35@3,08T36@4,17,45,-1,-1,4
956,OTHER,T36,45,2,10,27,-1,-1,SELLER,00T36@0,0,45,-1,-1,0
957,T36,OTHER,45,2,57,27,-1,-1,08T36@4,BUYER,0,45,-1,-1,5
958,T36,OTHER,45,1,57,27,-1,-1,09T36@4,BUYER,0,45,-1,-1,5
959,OTHER,T36,45,2,10,27,-1,-1,SELLER,00T36@0,0,45,-1,-1,0
960,OTHER,T35,45,3,10,27,-1,-1,SELLER,01T35@0,0,45,-1,-1,0
974,T36,OTHER,45,3,57,27,-1,-1,08T36@4,BUYER,0,45,-1,-1,5
961,OTHER,T35,45,3,10,27,-1,-1,SELLER,01T35@0,0,45,-1,-1,0
1140,T22,T35,45,3,53,35,-1,35,05T22@2,07T35@3,17,45,-1,-1,3
964,T36,OTHER,45,2,57,27,-1,-1,09T36@4,BUYER,0,45,-1,-1,5
954,OTHER,T35,45,1,10,27,-1,-1,SELLER,01T35@0,0,45,-1,-1,0
970,OTHER,T36,45,1,10,27,-1,-1,SELLER,00T36@0,0,45,-1,-1,0
1298,T35,T36,46,9,21,42,-1,42,07T35@3,09T36@4,17,46,-1,-1,4
1305,T35,T36,46,9,21,42,-1,42,07T35@3,08T36@4,17,46,-1,-1,4
982,OTHER,T36,46,1,10,28,-1,-1,SELLER,00T36@0,0,46,-1,-1,0
1380,T35,T36,46,7,24,45,-1,45,07T35@3,09T36@4,17,46,-1,-1,4
1162,T22,T35,46,3,53,36,-1,36,05T22@2,07T35@3,17,46,-1,-1,3
1275,T22,T35,46,3,52,41,-1,41,05T22@2,07T35@3,17,46,-1,-1,3
976,T36,OTHER,46,1,57,28,-1,-1,09T36@4,BUYER,0,46,-1,-1,5
983,OTHER,T36,46,4,10,28,-1,-1,SELLER,00T36@0,0,46,-1,-1,0
977,OTHER,T35,46,5,10,28,-1,-1,SELLER,01T35@0,0,46,-1,-1,0
993,OTHER,T36,46,3,10,28,-1,-1,SELLER,00T36@0,0,46,-1,-1,0
991,OTHER,T36,46,1,10,28,-1,-1,SELLER,00T36@0,0,46,-1,-1,0
990,T36,OTHER,46,1,57,28,-1,-1,08T36@4,BUYER,0,46,-1,-1,5
989,T36,OTHER,46,6,57,28,-1,-1,08T36@4,BUYER,0,46,-1,-1,5
988,T36,OTHER,46,4,57,28,-1,-1,09T36@4,BUYER,0,46,-1,-1,5
981,OTHER,T36,46,3,10,28,-1,-1,SELLER,00T36@0,0,46,-1,-1,0
986,T36,OTHER,46,1,57,28,-1,-1,09T36@4,BUYER,0,46,-1,-1,5
985,OTHER,T35,46,2,10,28,-1,-1,SELLER,01T35@0,0,46,-1,-1,0
984,OTHER,T36,46,1,10,28,-1,-1,SELLER,00T36@0,0,46,-1,-1,0
978,T36,OTHER,46,3,57,28,-1,-1,08T36@4,BUYER,0,46,-1,-1,5
979,T36,OTHER,46,4,57,28,-1,-1,09T36@4,BUYER,0,46,-1,-1,5
1005,T36,OTHER,47,1,57,29,-1,-1,08T36@4,BUYER,0,47,-1,-1,5
1016,T36,OTHER,47,3,57,-1,-1,-1,08T36@4,BUYER,0,-1,-1,-1,5
997,OTHER,T35,47,4,10,29,-1,-1,SELLER,01T35@0,0,47,-1,-1,0
998,T36,OTHER,47,1,57,29,-1,-1,08T36@4,BUYER,0,47,-1,-1,5
994,OTHER,T35,47,1,10,29,-1,-1,SELLER,01T35@0,0,47,-1,-1,0
1309,T22,T35,47,3,52,42,-1,42,05T22@2,07T35@3,17,47,-1,-1,3
1013,OTHER,T36,47,3,10,29,-1,-1,SELLER,00T36@0,0,47,-1,-1,0
1402,T35,T36,47,7,24,46,-1,46,07T35@3,09T36@4,17,47,-1,-1,4
1198,T22,T35,47,3,53,37,-1,37,05T22@2,07T35@3,17,47,-1,-1,3
1015,T36,OTHER,47,2,57,-1,-1,-1,08T36@4,BUYER,0,-1,-1,-1,5
1009,T36,OTHER,47,1,57,29,-1,-1,09T36@4,BUYER,0,47,-1,-1,5
1008,T36,OTHER,47,3,57,29,-1,-1,08T36@4,BUYER,0,47,-1,-1,5
1014,OTHER,T36,47,1,10,29,-1,-1,SELLER,00T36@0,0,47,-1,-1,0
1007,OTHER,T35,47,1,10,29,-1,-1,SELLER,01T35@0,0,47,-1,-1,0
995,OTHER,T36,47,1,10,29,-1,-1,SELLER,00T36@0,0,47,-1,-1,0
999,OTHER,T36,47,3,10,29,-1,-1,SELLER,00T36@0,0,47,-1,-1,0
1000,T36,OTHER,47,3,57,29,-1,-1,08T36@4,BUYER,0,47,-1,-1,5
1001,OTHER,T36,47,1,10,29,-1,-1,SELLER,00T36@0,0,47,-1,-1,0
1002,T36,OTHER,47,5,57,29,-1,-1,09T36@4,BUYER,0,47,-1,-1,5
1003,T36,OTHER,47,1,57,29,-1,-1,09T36@4,BUYER,0,47,-1,-1,5
1004,OTHER,T35,47,2,10,29,-1,-1,SELLER,01T35@0,0,47,-1,-1,0
1006,OTHER,T36,47,1,10,29,-1,-1,SELLER,00T36@0,0,47,-1,-1,0
996,OTHER,T35,47,2,10,29,-1,-1,SELLER,01T35@0,0,47,-1,-1,0
1023,T36,OTHER,48,3,57,30,-1,-1,08T36@4,BUYER,0,48,-1,-1,5
1024,OTHER,T36,48,2,10,30,-1,-1,SELLER,00T36@0,0,48,-1,-1,0
1357,T35,T36,48,8,21,44,-1,44,07T35@3,08T36@4,17,48,-1,-1,4
1025,T36,OTHER,48,1,57,30,-1,-1,08T36@4,BUYER,0,48,-1,-1,5
1022,OTHER,T35,48,1,10,30,-1,-1,SELLER,01T35@0,0,48,-1,-1,0
1027,T36,OTHER,48,1,57,30,-1,-1,09T36@4,BUYER,0,48,-1,-1,5
1028,OTHER,T36,48,1,10,30,-1,-1,SELLER,00T36@0,0,48,-1,-1,0
1021,OTHER,T36,48,1,10,30,-1,-1,SELLER,00T36@0,0,48,-1,-1,0
1030,OTHER,T35,48,3,10,30,-1,-1,SELLER,01T35@0,0,48,-1,-1,0
1031,OTHER,T35,48,3,10,30,-1,-1,SELLER,01T35@0,0,48,-1,-1,0
1020,OTHER,T36,48,2,10,30,-1,-1,SELLER,00T36@0,0,48,-1,-1,0
1033,OTHER,T36,48,2,10,30,-1,-1,SELLER,00T36@0,0,48,-1,-1,0
1342,T35,T36,48,9,21,44,-1,44,07T35@3,09T36@4,17,48,-1,-1,4
1034,T36,OTHER,48,2,57,30,-1,-1,09T36@4,BUYER,0,48,-1,-1,5
1036,T36,OTHER,48,1,57,30,-1,-1,09T36@4,BUYER,0,48,-1,-1,5
1037,T36,OTHER,48,1,57,-1,-1,-1,08T36@4,BUYER,0,-1,-1,-1,5
1038,T36,OTHER,48,3,57,-1,-1,-1,08T36@4,BUYER,0,-1,-1,-1,5
1039,T36,OTHER,48,1,57,-1,-1,-1,08T36@4,BUYER,0,-1,-1,-1,5
1040,T36,OTHER,48,2,57,-1,-1,-1,09T36@4,BUYER,0,-1,-1,-1,5
1417,T35,T36,48,7,24,47,-1,47,07T35@3,08T36@4,17,48,-1,-1,4
1018,T36,OTHER,48,2,57,30,-1,-1,09T36@4,BUYER,0,48,-1,-1,5
1017,T36,OTHER,48,3,57,30,-1,-1,08T36@4,BUYER,0,48,-1,-1,5
1035,OTHER,T36,48,1,10,30,-1,-1,SELLER,00T36@0,0,48,-1,-1,0
1019,OTHER,T36,48,4,10,30,-1,-1,SELLER,00T36@0,0,48,-1,-1,0
1239,T22,T35,49,3,53,39,-1,39,05T22@2,07T35@3,17,49,-1,-1,3
1056,OTHER,T36,49,1,10,31,-1,-1,SELLER,00T36@0,0,49,-1,-1,0
1060,T36,OTHER,49,1,57,-1,-1,-1,09T36@4,BUYER,0,-1,-1,-1,5
1063,T36,OTHER,49,1,57,-1,-1,-1,09T36@4,BUYER,0,-1,-1,-1,5
1059,T36,OTHER,49,2,57,-1,-1,-1,09T36@4,BUYER,0,-1,-1,-1,5
1058,T36,OTHER,49,4,57,-1,-1,-1,09T36@4,BUYER,0,-1,-1,-1,5
1054,T36,OTHER,49,2,57,31,-1,-1,08T36@4,BUYER,0,49,-1,-1,5
1052,OTHER,T36,49,1,10,31,-1,-1,SELLER,00T36@0,0,49,-1,-1,0
1051,OTHER,T35,49,2,10,31,-1,-1,SELLER,01T35@0,0,49,-1,-1,0
1062,T36,OTHER,49,1,57,-1,-1,-1,08T36@4,BUYER,0,-1,-1,-1,5
1049,OTHER,T36,49,2,10,31,-1,-1,SELLER,00T36@0,0,49,-1,-1,0
1050,OTHER,T36,49,3,10,31,-1,-1,SELLER,00T36@0,0,49,-1,-1,0
1047,T36,OTHER,49,1,57,31,-1,-1,08T36@4,BUYER,0,49,-1,-1,5
1046,OTHER,T35,49,3,10,31,-1,-1,SELLER,01T35@0,0,49,-1,-1,0
1045,T36,OTHER,49,1,57,31,-1,-1,09T36@4,BUYER,0,49,-1,-1,5
1044,OTHER,T36,49,4,10,31,-1,-1,SELLER,00T36@0,0,49,-1,-1,0
1043,OTHER,T35,49,2,10,31,-1,-1,SELLER,01T35@0,0,49,-1,-1,0
1042,OTHER,T35,49,2,10,31,-1,-1,SELLER,01T35@0,0,49,-1,-1,0
1041,T36,OTHER,49,3,57,31,-1,-1,08T36@4,BUYER,0,49,-1,-1,5
1048,T36,OTHER,49,2,57,31,-1,-1,09T36@4,BUYER,0,49,-1,-1,5
1061,T36,OTHER,49,2,57,-1,-1,-1,08T36@4,BUYER,0,-1,-1,-1,5
1398,T35,T36,50,9,21,46,-1,46,07T35@3,08T36@4,17,50,-1,-1,4
1381,T22,T35,50,3,52,45,-1,45,05T22@2,07T35@3,17,50,-1,-1,3
1084,T36,OTHER,50,1,57,-1,-1,-1,09T36@4,BUYER,0,-1,-1,-1,5
1085,T36,OTHER,50,3,57,-1,-1,-1,08T36@4,BUYER,0,-1,-1,-1,5
1066,T36,OTHER,50,1,57,32,-1,-1,08T36@4,BUYER,0,50,-1,-1,5
1086,T36,OTHER,50,2,57,-1,-1,-1,08T36@4,BUYER,0,-1,-1,-1,5
1083,T36,OTHER,50,2,57,-1,-1,-1,08T36@4,BUYER,0,-1,-1,-1,5
1082,T36,OTHER,50,1,57,-1,-1,-1,09T36@4,BUYER,0,-1,-1,-1,5
1080,OTHER,T35,50,2,10,32,-1,-1,SELLER,01T35@0,0,50,-1,-1,0
1079,OTHER,T36,50,3,10,32,-1,-1,SELLER,00T36@0,0,50,-1,-1,0
1261,T22,T35,50,3,53,40,-1,40,05T22@2,07T35@3,17,50,-1,-1,3
1078,OTHER,T36,50,2,10,32,-1,-1,SELLER,00T36@0,0,50,-1,-1,0
1077,OTHER,T35,50,2,10,32,-1,-1,SELLER,01T35@0,0,50,-1,-1,0
1064,T36,OTHER,50,3,57,32,-1,-1,08T36@4,BUYER,0,50,-1,-1,5
1074,OTHER,T36,50,2,10,32,-1,-1,SELLER,00T36@0,0,50,-1,-1,0
1073,OTHER,T36,50,1,10,32,-1,-1,SELLER,00T36@0,0,50,-1,-1,0
1072,T36,OTHER,50,3,57,32,-1,-1,09T36@4,BUYER,0,50,-1,-1,5
1071,OTHER,T35,50,2,10,32,-1,-1,SELLER,01T35@0,0,50,-1,-1,0
1070,T36,OTHER,50,1,57,32,-1,-1,09T36@4,BUYER,0,50,-1,-1,5
1069,OTHER,T35,50,3,10,32,-1,-1,SELLER,01T35@0,0,50,-1,-1,0
1068,T36,OTHER,50,3,57,32,-1,-1,09T36@4,BUYER,0,50,-1,-1,5
1067,OTHER,T36,50,2,10,32,-1,-1,SELLER,00T36@0,0,50,-1,-1,0
1076,OTHER,T35,50,1,10,32,-1,-1,SELLER,01T35@0,0,50,-1,-1,0
1494,T35,T36,51,7,24,50,-1,50,07T35@3,09T36@4,17,51,-1,-1,4
1390,T22,T35,51,3,52,46,-1,46,05T22@2,07T35@3,17,51,-1,-1,3
1416,T35,T36,51,8,21,47,-1,47,07T35@3,09T36@4,17,51,-1,-1,4
1106,T36,OTHER,51,3,57,-1,-1,-1,08T36@4,BUYER,0,-1,-1,-1,5
1088,OTHER,T35,51,1,10,33,-1,-1,SELLER,01T35@0,0,51,-1,-1,0
1110,T36,OTHER,51,1,57,-1,-1,-1,08T36@4,BUYER,0,-1,-1,-1,5
1108,T36,OTHER,51,4,57,-1,-1,-1,09T36@4,BUYER,0,-1,-1,-1,5
1107,T36,OTHER,51,1,57,-1,-1,-1,09T36@4,BUYER,0,-1,-1,-1,5
1105,T36,OTHER,51,1,57,-1,-1,-1,09T36@4,BUYER,0,-1,-1,-1,5
1104,OTHER,T35,51,2,10,33,-1,-1,SELLER,01T35@0,0,51,-1,-1,0
1103,OTHER,T36,51,3,10,33,-1,-1,SELLER,00T36@0,0,51,-1,-1,0
1102,OTHER,T36,51,2,10,33,-1,-1,SELLER,00T36@0,0,51,-1,-1,0
1101,OTHER,T35,51,1,10,33,-1,-1,SELLER,01T35@0,0,51,-1,-1,0
1100,T36,OTHER,51,3,57,33,-1,-1,08T36@4,BUYER,0,51,-1,-1,5
1109,T36,OTHER,51,1,57,-1,-1,-1,08T36@4,BUYER,0,-1,-1,-1,5
1097,T36,OTHER,51,1,57,33,-1,-1,08T36@4,BUYER,0,51,-1,-1,5
1096,OTHER,T36,51,1,10,33,-1,-1,SELLER,00T36@0,0,51,-1,-1,0
1094,OTHER,T35,51,4,10,33,-1,-1,SELLER,01T35@0,0,51,-1,-1,0
1093,OTHER,T35,51,2,10,33,-1,-1,SELLER,01T35@0,0,51,-1,-1,0
1091,T36,OTHER,51,3,57,33,-1,-1,09T36@4,BUYER,0,51,-1,-1,5
1090,T36,OTHER,51,1,57,33,-1,-1,09T36@4,BUYER,0,51,-1,-1,5
1089,OTHER,T35,51,2,10,33,-1,-1,SELLER,01T35@0,0,51,-1,-1,0
1087,T36,OTHER,51,1,57,33,-1,-1,09T36@4,BUYER,0,51,-1,-1,5
1099,OTHER,T35,51,2,10,33,-1,-1,SELLER,01T35@0,0,51,-1,-1,0
1121,OTHER,T35,52,2,10,34,-1,-1,SELLER,01T35@0,0,52,-1,-1,0
1120,OTHER,T36,52,1,10,34,-1,-1,SELLER,00T36@0,0,52,-1,-1,0
1479,T35,T36,52,9,24,50,-1,50,07T35@3,08T36@4,17,52,-1,-1,4
1443,T35,T36,52,8,21,48,-1,48,07T35@3,08T36@4,17,52,-1,-1,4
1119,OTHER,T35,52,2,10,34,-1,-1,SELLER,01T35@0,0,52,-1,-1,0
1118,T36,OTHER,52,2,57,34,-1,-1,09T36@4,BUYER,0,52,-1,-1,5
1117,OTHER,T36,52,2,10,34,-1,-1,SELLER,00T36@0,0,52,-1,-1,0
1114,OTHER,T35,52,2,10,34,-1,-1,SELLER,01T35@0,0,52,-1,-1,0
1526,T35,T36,52,1,22,52,-1,52,07T35@3,08T36@4,17,52,-1,-1,4
1116,T36,OTHER,52,1,57,34,-1,-1,09T36@4,BUYER,0,52,-1,-1,5
1115,T36,OTHER,52,2,57,34,-1,-1,09T36@4,BUYER,0,52,-1,-1,5
1113,T36,OTHER,52,3,57,34,-1,-1,08T36@4,BUYER,0,52,-1,-1,5
1112,OTHER,T35,52,2,10,34,-1,-1,SELLER,01T35@0,0,52,-1,-1,0
1111,OTHER,T36,52,2,10,34,-1,-1,SELLER,00T36@0,0,52,-1,-1,0
1128,OTHER,T35,52,2,10,34,-1,-1,SELLER,01T35@0,0,52,-1,-1,0
1518,T35,T36,52,7,24,51,-1,51,07T35@3,09T36@4,17,52,-1,-1,4
1122,T36,OTHER,52,1,57,34,-1,-1,08T36@4,BUYER,0,52,-1,-1,5
1131,T36,OTHER,52,2,57,-1,-1,-1,09T36@4,BUYER,0,-1,-1,-1,5
1125,OTHER,T36,52,3,10,34,-1,-1,SELLER,00T36@0,0,52,-1,-1,0
1132,T36,OTHER,52,1,57,-1,-1,-1,09T36@4,BUYER,0,-1,-1,-1,5
1133,T36,OTHER,52,2,57,-1,-1,-1,09T36@4,BUYER,0,-1,-1,-1,5
1134,T36,OTHER,52,1,57,-1,-1,-1,09T36@4,BUYER,0,-1,-1,-1,5
1135,T36,OTHER,52,3,57,-1,-1,-1,08T36@4,BUYER,0,-1,-1,-1,5
1447,T35,T36,52,9,21,48,-1,48,07T35@3,09T36@4,17,52,-1,-1,4
1126,T36,OTHER,52,2,57,34,-1,-1,08T36@4,BUYER,0,52,-1,-1,5
1124,OTHER,T36,52,1,10,34,-1,-1,SELLER,00T36@0,0,52,-1,-1,0
1123,OTHER,T35,52,1,10,34,-1,-1,SELLER,01T35@0,0,52,-1,-1,0
1159,T36,OTHER,53,2,57,-1,-1,-1,08T36@4,BUYER,0,-1,-1,-1,5
1158,T36,OTHER,53,2,57,-1,-1,-1,08T36@4,BUYER,0,-1,-1,-1,5
1157,T36,OTHER,53,2,57,-1,-1,-1,08T36@4,BUYER,0,-1,-1,-1,5
1541,T35,T36,53,6,24,52,-1,52,07T35@3,09T36@4,17,53,-1,-1,4
1320,T22,T35,53,3,53,43,-1,43,05T22@2,07T35@3,17,53,-1,-1,3
1149,OTHER,T35,53,3,10,35,-1,-1,SELLER,01T35@0,0,53,-1,-1,0
1150,OTHER,T36,53,1,10,35,-1,-1,SELLER,00T36@0,0,53,-1,-1,0
1151,OTHER,T35,53,1,10,35,-1,-1,SELLER,01T35@0,0,53,-1,-1,0
1152,T36,OTHER,53,1,57,35,-1,-1,09T36@4,BUYER,0,53,-1,-1,5
1155,T36,OTHER,53,2,57,-1,-1,-1,08T36@4,BUYER,0,-1,-1,-1,5
1148,OTHER,T36,53,1,10,35,-1,-1,SELLER,00T36@0,0,53,-1,-1,0
1156,T36,OTHER,53,2,57,-1,-1,-1,09T36@4,BUYER,0,-1,-1,-1,5
1153,OTHER,T35,53,1,10,35,-1,-1,SELLER,01T35@0,0,53,-1,-1,0
1154,OTHER,T35,53,3,10,35,-1,-1,SELLER,01T35@0,0,53,-1,-1,0
1474,T35,T36,53,9,21,49,-1,49,07T35@3,08T36@4,17,53,-1,-1,4
1144,T36,OTHER,53,3,57,35,-1,-1,09T36@4,BUYER,0,53,-1,-1,5
1143,OTHER,T36,53,3,10,35,-1,-1,SELLER,00T36@0,0,53,-1,-1,0
1455,T35,T36,53,8,21,49,-1,49,07T35@3,09T36@4,17,53,-1,-1,4
1142,OTHER,T36,53,2,10,35,-1,-1,SELLER,00T36@0,0,53,-1,-1,0
1141,OTHER,T35,53,1,10,35,-1,-1,SELLER,01T35@0,0,53,-1,-1,0
1139,T36,OTHER,53,3,57,35,-1,-1,08T36@4,BUYER,0,53,-1,-1,5
1138,OTHER,T36,53,1,10,35,-1,-1,SELLER,00T36@0,0,53,-1,-1,0
1137,OTHER,T35,53,2,10,35,-1,-1,SELLER,01T35@0,0,53,-1,-1,0
1136,OTHER,T35,53,1,10,35,-1,-1,SELLER,01T35@0,0,53,-1,-1,0
1145,T36,OTHER,53,3,57,35,-1,-1,08T36@4,BUYER,0,53,-1,-1,5
1352,T22,T35,54,3,53,44,-1,44,05T22@2,07T35@3,17,54,-1,-1,3
1169,OTHER,T36,54,3,10,36,-1,-1,SELLER,00T36@0,0,54,-1,-1,0
1180,T36,OTHER,54,1,57,-1,-1,-1,08T36@4,BUYER,0,-1,-1,-1,5
1591,T35,T36,54,1,22,54,-1,54,07T35@3,08T36@4,17,54,-1,-1,4
1170,T36,OTHER,54,3,57,36,-1,-1,08T36@4,BUYER,0,54,-1,-1,5
1167,OTHER,T35,54,3,10,36,-1,-1,SELLER,01T35@0,0,54,-1,-1,0
1172,OTHER,T35,54,1,10,36,-1,-1,SELLER,01T35@0,0,54,-1,-1,0
1173,OTHER,T36,54,2,10,36,-1,-1,SELLER,00T36@0,0,54,-1,-1,0
1174,OTHER,T36,54,1,10,36,-1,-1,SELLER,00T36@0,0,54,-1,-1,0
1175,OTHER,T35,54,2,10,36,-1,-1,SELLER,01T35@0,0,54,-1,-1,0
1176,T36,OTHER,54,1,57,36,-1,-1,08T36@4,BUYER,0,54,-1,-1,5
1177,T36,OTHER,54,1,57,36,-1,-1,09T36@4,BUYER,0,54,-1,-1,5
1178,T36,OTHER,54,4,57,-1,-1,-1,08T36@4,BUYER,0,-1,-1,-1,5
1179,T36,OTHER,54,2,57,-1,-1,-1,08T36@4,BUYER,0,-1,-1,-1,5
1181,T36,OTHER,54,3,57,-1,-1,-1,09T36@4,BUYER,0,-1,-1,-1,5
1165,OTHER,T35,54,3,10,36,-1,-1,SELLER,01T35@0,0,54,-1,-1,0
1458,T22,T35,54,3,52,49,-1,49,05T22@2,07T35@3,17,54,-1,-1,3
1164,T36,OTHER,54,4,57,36,-1,-1,09T36@4,BUYER,0,54,-1,-1,5
1163,OTHER,T36,54,1,10,36,-1,-1,SELLER,00T36@0,0,54,-1,-1,0
1161,OTHER,T35,54,3,10,36,-1,-1,SELLER,01T35@0,0,54,-1,-1,0
1160,T36,OTHER,54,1,57,36,-1,-1,09T36@4,BUYER,0,54,-1,-1,5
1561,T35,T36,54,5,24,53,-1,53,07T35@3,09T36@4,17,54,-1,-1,4
1568,T35,T36,54,5,24,53,-1,53,07T35@3,08T36@4,17,54,-1,-1,4
1168,OTHER,T35,54,1,10,36,-1,-1,SELLER,01T35@0,0,54,-1,-1,0
1513,T35,T36,55,8,21,51,-1,51,07T35@3,08T36@4,17,55,-1,-1,4
1609,T35,T36,55,1,22,55,-1,55,07T35@3,09T36@4,17,55,-1,-1,4
1586,T35,T36,55,5,24,54,-1,54,07T35@3,09T36@4,17,55,-1,-1,4
1188,OTHER,T35,55,2,10,37,-1,-1,SELLER,01T35@0,0,55,-1,-1,0
1191,OTHER,T36,55,1,10,37,-1,-1,SELLER,00T36@0,0,55,-1,-1,0
1190,OTHER,T35,55,1,10,37,-1,-1,SELLER,01T35@0,0,55,-1,-1,0
1194,OTHER,T35,55,2,10,37,-1,-1,SELLER,01T35@0,0,55,-1,-1,0
1195,T36,OTHER,55,1,57,37,-1,-1,08T36@4,BUYER,0,55,-1,-1,5
1196,OTHER,T36,55,1,10,37,-1,-1,SELLER,00T36@0,0,55,-1,-1,0
1197,OTHER,T36,55,6,10,37,-1,-1,SELLER,00T36@0,0,55,-1,-1,0
1199,OTHER,T35,55,1,10,37,-1,-1,SELLER,01T35@0,0,55,-1,-1,0
1189,T36,OTHER,55,1,57,37,-1,-1,08T36@4,BUYER,0,55,-1,-1,5
1187,T36,OTHER,55,4,57,37,-1,-1,09T36@4,BUYER,0,55,-1,-1,5
1185,T36,OTHER,55,1,57,37,-1,-1,08T36@4,BUYER,0,55,-1,-1,5
1184,OTHER,T35,55,2,10,37,-1,-1,SELLER,01T35@0,0,55,-1,-1,0
1182,T36,OTHER,55,2,57,37,-1,-1,08T36@4,BUYER,0,55,-1,-1,5
1200,T36,OTHER,55,1,57,-1,-1,-1,09T36@4,BUYER,0,-1,-1,-1,5
1201,T36,OTHER,55,3,57,-1,-1,-1,08T36@4,BUYER,0,-1,-1,-1,5
1193,OTHER,T35,55,3,10,37,-1,-1,SELLER,01T35@0,0,55,-1,-1,0
1202,T36,OTHER,55,2,57,-1,-1,-1,08T36@4,BUYER,0,-1,-1,-1,5
1203,T36,OTHER,55,1,57,-1,-1,-1,09T36@4,BUYER,0,-1,-1,-1,5
1205,T36,OTHER,55,3,57,-1,-1,-1,09T36@4,BUYER,0,-1,-1,-1,5
1192,OTHER,T35,55,1,10,37,-1,-1,SELLER,01T35@0,0,55,-1,-1,0
1204,T36,OTHER,55,1,57,-1,-1,-1,08T36@4,BUYER,0,-1,-1,-1,5
1608,T35,T36,56,5,24,55,-1,55,07T35@3,08T36@4,17,56,-1,-1,4
1222,OTHER,T36,56,3,10,38,-1,-1,SELLER,00T36@0,0,56,-1,-1,0
1206,T36,OTHER,56,2,57,38,-1,-1,09T36@4,BUYER,0,56,-1,-1,5
1220,OTHER,T35,56,3,10,38,-1,-1,SELLER,01T35@0,0,56,-1,-1,0
1207,T36,OTHER,56,1,57,38,-1,-1,09T36@4,BUYER,0,56,-1,-1,5
1221,OTHER,T36,56,1,10,38,-1,-1,SELLER,00T36@0,0,56,-1,-1,0
1209,OTHER,T36,56,1,10,38,-1,-1,SELLER,00T36@0,0,56,-1,-1,0
1210,T36,OTHER,56,4,57,38,-1,-1,08T36@4,BUYER,0,56,-1,-1,5
1211,OTHER,T36,56,1,10,38,-1,-1,SELLER,00T36@0,0,56,-1,-1,0
1212,OTHER,T35,56,2,10,38,-1,-1,SELLER,01T35@0,0,56,-1,-1,0
1213,OTHER,T35,56,3,10,38,-1,-1,SELLER,01T35@0,0,56,-1,-1,0
1214,OTHER,T35,56,2,10,38,-1,-1,SELLER,01T35@0,0,56,-1,-1,0
1215,OTHER,T35,56,1,10,38,-1,-1,SELLER,01T35@0,0,56,-1,-1,0
1208,T36,OTHER,56,2,57,38,-1,-1,09T36@4,BUYER,0,56,-1,-1,5
1219,OTHER,T36,56,3,10,38,-1,-1,SELLER,00T36@0,0,56,-1,-1,0
1224,T36,OTHER,56,3,57,-1,-1,-1,09T36@4,BUYER,0,-1,-1,-1,5
1225,T36,OTHER,56,2,57,-1,-1,-1,09T36@4,BUYER,0,-1,-1,-1,5
1226,T36,OTHER,56,2,57,-1,-1,-1,08T36@4,BUYER,0,-1,-1,-1,5
1504,T22,T35,56,3,52,51,-1,51,05T22@2,07T35@3,17,56,-1,-1,3
1228,T36,OTHER,56,1,57,-1,-1,-1,09T36@4,BUYER,0,-1,-1,-1,5
1227,T36,OTHER,56,1,57,-1,-1,-1,08T36@4,BUYER,0,-1,-1,-1,5
1216,T36,OTHER,56,2,57,38,-1,-1,08T36@4,BUYER,0,56,-1,-1,5
1229,T36,OTHER,57,1,57,39,-1,-1,08T36@4,BUYER,0,57,-1,-1,5
1233,OTHER,T36,57,2,10,39,-1,-1,SELLER,00T36@0,0,57,-1,-1,0
1234,OTHER,T36,57,1,10,39,-1,-1,SELLER,00T36@0,0,57,-1,-1,0
1235,OTHER,T36,57,1,10,39,-1,-1,SELLER,00T36@0,0,57,-1,-1,0
1230,T36,OTHER,57,2,57,39,-1,-1,08T36@4,BUYER,0,57,-1,-1,5
1236,T36,OTHER,57,1,57,39,-1,-1,09T36@4,BUYER,0,57,-1,-1,5
1237,T36,OTHER,57,3,57,39,-1,-1,09T36@4,BUYER,0,57,-1,-1,5
1238,OTHER,T36,57,4,10,39,-1,-1,SELLER,00T36@0,0,57,-1,-1,0
1241,OTHER,T36,57,3,10,39,-1,-1,SELLER,00T36@0,0,57,-1,-1,0
1244,OTHER,T35,57,4,10,39,-1,-1,SELLER,01T35@0,0,57,-1,-1,0
1243,OTHER,T36,57,2,10,39,-1,-1,SELLER,00T36@0,0,57,-1,-1,0
1245,OTHER,T35,57,2,10,39,-1,-1,SELLER,01T35@0,0,57,-1,-1,0
1246,OTHER,T35,57,1,10,39,-1,-1,SELLER,01T35@0,0,57,-1,-1,0
1637,T35,T36,57,6,24,56,-1,56,07T35@3,08T36@4,17,57,-1,-1,4
1247,T36,OTHER,57,3,57,-1,-1,-1,08T36@4,BUYER,0,-1,-1,-1,5
1248,T36,OTHER,57,1,57,-1,-1,-1,08T36@4,BUYER,0,-1,-1,-1,5
1249,T36,OTHER,57,2,57,-1,-1,-1,08T36@4,BUYER,0,-1,-1,-1,5
1250,T36,OTHER,57,2,57,-1,-1,-1,08T36@4,BUYER,0,-1,-1,-1,5
1251,T36,OTHER,57,2,57,-1,-1,-1,09T36@4,BUYER,0,-1,-1,-1,5
1419,T22,T35,57,3,53,47,-1,47,05T22@2,07T35@3,17,57,-1,-1,3
1242,T36,OTHER,57,1,57,39,-1,-1,09T36@4,BUYER,0,57,-1,-1,5
1231,T36,OTHER,57,2,57,39,-1,-1,08T36@4,BUYER,0,57,-1,-1,5
1567,T22,T35,58,3,52,53,-1,53,05T22@2,07T35@3,17,58,-1,-1,3
1433,T22,T35,58,3,53,48,-1,48,05T22@2,07T35@3,17,58,-1,-1,3
1270,T36,OTHER,58,5,57,-1,-1,-1,08T36@4,BUYER,0,-1,-1,-1,5
1252,OTHER,T35,58,4,10,40,-1,-1,SELLER,01T35@0,0,58,-1,-1,0
1253,OTHER,T36,58,2,10,40,-1,-1,SELLER,00T36@0,0,58,-1,-1,0
1254,OTHER,T35,58,2,10,40,-1,-1,SELLER,01T35@0,0,58,-1,-1,0
1255,OTHER,T36,58,3,10,40,-1,-1,SELLER,00T36@0,0,58,-1,-1,0
1271,T36,OTHER,58,1,57,-1,-1,-1,09T36@4,BUYER,0,-1,-1,-1,5
1256,OTHER,T36,58,2,10,40,-1,-1,SELLER,00T36@0,0,58,-1,-1,0
1272,T36,OTHER,58,1,57,-1,-1,-1,09T36@4,BUYER,0,-1,-1,-1,5
1257,T36,OTHER,58,1,57,40,-1,-1,09T36@4,BUYER,0,58,-1,-1,5
1262,OTHER,T35,58,4,10,40,-1,-1,SELLER,01T35@0,0,58,-1,-1,0
1263,OTHER,T35,58,1,10,40,-1,-1,SELLER,01T35@0,0,58,-1,-1,0
1264,T36,OTHER,58,2,57,-1,-1,-1,09T36@4,BUYER,0,-1,-1,-1,5
1265,T36,OTHER,58,5,57,-1,-1,-1,09T36@4,BUYER,0,-1,-1,-1,5
1266,T36,OTHER,58,1,57,-1,-1,-1,08T36@4,BUYER,0,-1,-1,-1,5
1267,T36,OTHER,58,2,57,-1,-1,-1,08T36@4,BUYER,0,-1,-1,-1,5
1268,T36,OTHER,58,1,57,-1,-1,-1,08T36@4,BUYER,0,-1,-1,-1,5
1260,OTHER,T36,58,2,10,40,-1,-1,SELLER,00T36@0,0,58,-1,-1,0
1269,T36,OTHER,58,1,57,-1,-1,-1,08T36@4,BUYER,0,-1,-1,-1,5
1285,OTHER,T36,59,1,10,41,-1,-1,SELLER,00T36@0,0,59,-1,-1,0
1290,T36,OTHER,59,2,57,-1,-1,-1,08T36@4,BUYER,0,-1,-1,-1,5
1291,T36,OTHER,59,2,57,-1,-1,-1,09T36@4,BUYER,0,-1,-1,-1,5
1292,T36,OTHER,59,1,57,-1,-1,-1,08T36@4,BUYER,0,-1,-1,-1,5
1289,T36,OTHER,59,3,57,-1,-1,-1,09T36@4,BUYER,0,-1,-1,-1,5
1273,OTHER,T35,59,3,10,41,-1,-1,SELLER,01T35@0,0,59,-1,-1,0
1295,T36,OTHER,59,1,57,-1,-1,-1,09T36@4,BUYER,0,-1,-1,-1,5
1284,OTHER,T36,59,1,10,41,-1,-1,SELLER,00T36@0,0,59,-1,-1,0
1282,OTHER,T35,59,1,10,41,-1,-1,SELLER,01T35@0,0,59,-1,-1,0
1281,OTHER,T35,59,1,10,41,-1,-1,SELLER,01T35@0,0,59,-1,-1,0
1280,OTHER,T35,59,1,10,41,-1,-1,SELLER,01T35@0,0,59,-1,-1,0
1286,T36,OTHER,59,4,57,-1,-1,-1,09T36@4,BUYER,0,-1,-1,-1,5
1294,T36,OTHER,59,4,57,-1,-1,-1,08T36@4,BUYER,0,-1,-1,-1,5
1288,T36,OTHER,59,1,57,-1,-1,-1,08T36@4,BUYER,0,-1,-1,-1,5
1669,T35,T36,59,7,24,58,-1,58,07T35@3,09T36@4,17,59,-1,-1,4
1287,T36,OTHER,59,1,57,-1,-1,-1,08T36@4,BUYER,0,-1,-1,-1,5
1293,T36,OTHER,59,1,57,-1,-1,-1,09T36@4,BUYER,0,-1,-1,-1,5
1277,OTHER,T35,59,3,10,41,-1,-1,SELLER,01T35@0,0,59,-1,-1,0
1276,OTHER,T36,59,4,10,41,-1,-1,SELLER,00T36@0,0,59,-1,-1,0
1274,OTHER,T36,59,4,10,41,-1,-1,SELLER,00T36@0,0,59,-1,-1,0
1279,OTHER,T35,59,1,10,41,-1,-1,SELLER,01T35@0,0,59,-1,-1,0
1590,T22,T35,59,3,52,54,-1,54,05T22@2,07T35@3,17,59,-1,-1,3
1681,T35,T36,60,12,21,58,-1,58,07T35@3,08T36@4,17,60,-1,-1,4
1650,T35,T36,60,10,21,57,-1,57,07T35@3,09T36@4,17,60,-1,-1,4
1646,T35,T36,60,11,21,57,-1,57,07T35@3,08T36@4,17,60,-1,-1,4
1630,T35,T36,60,9,21,56,-1,56,07T35@3,09T36@4,17,60,-1,-1,4
1297,OTHER,T36,60,2,10,42,-1,-1,SELLER,00T36@0,0,60,-1,-1,0
1319,T36,OTHER,60,3,57,-1,-1,-1,08T36@4,BUYER,0,-1,-1,-1,5
1299,OTHER,T35,60,2,10,42,-1,-1,SELLER,01T35@0,0,60,-1,-1,0
1300,OTHER,T36,60,2,10,42,-1,-1,SELLER,00T36@0,0,60,-1,-1,0
1301,OTHER,T35,60,4,10,42,-1,-1,SELLER,01T35@0,0,60,-1,-1,0
1302,OTHER,T36,60,2,10,42,-1,-1,SELLER,00T36@0,0,60,-1,-1,0
1303,OTHER,T36,60,2,10,42,-1,-1,SELLER,00T36@0,0,60,-1,-1,0
1304,OTHER,T35,60,1,10,42,-1,-1,SELLER,01T35@0,0,60,-1,-1,0
1306,OTHER,T35,60,1,10,42,-1,-1,SELLER,01T35@0,0,60,-1,-1,0
1307,OTHER,T35,60,1,10,42,-1,-1,SELLER,01T35@0,0,60,-1,-1,0
1484,T22,T35,60,3,53,50,-1,50,05T22@2,07T35@3,17,60,-1,-1,3
1308,OTHER,T35,60,1,10,42,-1,-1,SELLER,01T35@0,0,60,-1,-1,0
1311,T36,OTHER,60,3,57,-1,-1,-1,08T36@4,BUYER,0,-1,-1,-1,5
1312,T36,OTHER,60,2,57,-1,-1,-1,09T36@4,BUYER,0,-1,-1,-1,5
1313,T36,OTHER,60,2,57,-1,-1,-1,08T36@4,BUYER,0,-1,-1,-1,5
1314,T36,OTHER,60,1,57,-1,-1,-1,08T36@4,BUYER,0,-1,-1,-1,5
1315,T36,OTHER,60,1,57,-1,-1,-1,09T36@4,BUYER,0,-1,-1,-1,5
1316,T36,OTHER,60,3,57,-1,-1,-1,08T36@4,BUYER,0,-1,-1,-1,5
1317,T36,OTHER,60,3,57,-1,-1,-1,09T36@4,BUYER,0,-1,-1,-1,5
1318,T36,OTHER,60,1,57,-1,-1,-1,09T36@4,BUYER,0,-1,-1,-1,5
1310,T36,OTHER,60,1,57,-1,-1,-1,08T36@4,BUYER,0,-1,-1,-1,5
1296,OTHER,T35,60,2,10,42,-1,-1,SELLER,01T35@0,0,60,-1,-1,0
1692,T35,T36,61,9,24,59,-1,59,07T35@3,08T36@4,17,61,-1,-1,4
1330,OTHER,T35,61,4,10,43,-1,-1,SELLER,01T35@0,0,61,-1,-1,0
1337,T36,OTHER,61,2,57,-1,-1,-1,09T36@4,BUYER,0,-1,-1,-1,5
1340,T36,OTHER,61,4,57,-1,-1,-1,08T36@4,BUYER,0,-1,-1,-1,5
1339,T36,OTHER,61,1,57,-1,-1,-1,09T36@4,BUYER,0,-1,-1,-1,5
1338,T36,OTHER,61,1,57,-1,-1,-1,09T36@4,BUYER,0,-1,-1,-1,5
1336,T36,OTHER,61,2,57,-1,-1,-1,08T36@4,BUYER,0,-1,-1,-1,5
1335,T36,OTHER,61,2,57,-1,-1,-1,09T36@4,BUYER,0,-1,-1,-1,5
1333,T36,OTHER,61,1,57,-1,-1,-1,08T36@4,BUYER,0,-1,-1,-1,5
1332,T36,OTHER,61,2,57,-1,-1,-1,09T36@4,BUYER,0,-1,-1,-1,5
1334,T36,OTHER,61,2,57,-1,-1,-1,08T36@4,BUYER,0,-1,-1,-1,5
1329,OTHER,T35,61,2,10,43,-1,-1,SELLER,01T35@0,0,61,-1,-1,0
1326,OTHER,T36,61,4,10,43,-1,-1,SELLER,00T36@0,0,61,-1,-1,0
1325,OTHER,T35,61,4,10,43,-1,-1,SELLER,01T35@0,0,61,-1,-1,0
1324,OTHER,T35,61,2,10,43,-1,-1,SELLER,01T35@0,0,61,-1,-1,0
1323,OTHER,T35,61,2,10,43,-1,-1,SELLER,01T35@0,0,61,-1,-1,0
1322,OTHER,T36,61,1,10,43,-1,-1,SELLER,00T36@0,0,61,-1,-1,0
1321,OTHER,T36,61,1,10,43,-1,-1,SELLER,00T36@0,0,61,-1,-1,0
1331,T36,OTHER,61,3,57,-1,-1,-1,08T36@4,BUYER,0,-1,-1,-1,5
1347,OTHER,T36,62,1,10,44,-1,-1,SELLER,00T36@0,0,62,-1,-1,0
1351,OTHER,T36,62,2,10,44,-1,-1,SELLER,00T36@0,0,62,-1,-1,0
1350,T36,OTHER,62,3,57,44,-1,-1,09T36@4,BUYER,0,62,-1,-1,5
1349,OTHER,T35,62,2,10,44,-1,-1,SELLER,01T35@0,0,62,-1,-1,0
1348,T36,OTHER,62,1,57,44,-1,-1,09T36@4,BUYER,0,62,-1,-1,5
1346,OTHER,T36,62,1,10,44,-1,-1,SELLER,00T36@0,0,62,-1,-1,0
1354,OTHER,T36,62,2,10,44,-1,-1,SELLER,00T36@0,0,62,-1,-1,0
1344,T36,OTHER,62,1,57,44,-1,-1,09T36@4,BUYER,0,62,-1,-1,5
1343,T36,OTHER,62,2,57,44,-1,-1,08T36@4,BUYER,0,62,-1,-1,5
1341,T36,OTHER,62,2,57,44,-1,-1,09T36@4,BUYER,0,62,-1,-1,5
1353,OTHER,T35,62,1,10,44,-1,-1,SELLER,01T35@0,0,62,-1,-1,0
1538,T22,T35,62,3,53,52,-1,52,05T22@2,07T35@3,17,62,-1,-1,3
1345,T36,OTHER,62,3,57,44,-1,-1,08T36@4,BUYER,0,62,-1,-1,5
1355,OTHER,T36,62,2,10,44,-1,-1,SELLER,00T36@0,0,62,-1,-1,0
1363,T36,OTHER,62,3,57,-1,-1,-1,08T36@4,BUYER,0,-1,-1,-1,5
1697,T35,T36,62,10,21,59,-1,59,07T35@3,09T36@4,17,62,-1,-1,4
1714,T35,T36,62,10,24,60,-1,60,07T35@3,09T36@4,17,62,-1,-1,4
1715,T35,T36,62,10,24,60,-1,60,07T35@3,08T36@4,17,62,-1,-1,4
1358,OTHER,T35,62,2,10,44,-1,-1,SELLER,01T35@0,0,62,-1,-1,0
1359,OTHER,T35,62,2,10,44,-1,-1,SELLER,01T35@0,0,62,-1,-1,0
1356,OTHER,T35,62,2,10,44,-1,-1,SELLER,01T35@0,0,62,-1,-1,0
1361,T36,OTHER,62,2,57,-1,-1,-1,08T36@4,BUYER,0,-1,-1,-1,5
1362,T36,OTHER,62,3,57,-1,-1,-1,09T36@4,BUYER,0,-1,-1,-1,5
1360,OTHER,T36,62,3,10,44,-1,-1,SELLER,00T36@0,0,62,-1,-1,0
1364,OTHER,T35,63,2,10,45,-1,-1,SELLER,01T35@0,0,63,-1,-1,0
1373,T36,OTHER,63,2,57,45,-1,-1,09T36@4,BUYER,0,63,-1,-1,5
1372,T36,OTHER,63,2,57,45,-1,-1,08T36@4,BUYER,0,63,-1,-1,5
1368,T36,OTHER,63,1,57,45,-1,-1,08T36@4,BUYER,0,63,-1,-1,5
1370,T36,OTHER,63,1,57,45,-1,-1,08T36@4,BUYER,0,63,-1,-1,5
1369,T36,OTHER,63,2,57,45,-1,-1,09T36@4,BUYER,0,63,-1,-1,5
1367,OTHER,T35,63,3,10,45,-1,-1,SELLER,01T35@0,0,63,-1,-1,0
1366,T36,OTHER,63,2,57,45,-1,-1,09T36@4,BUYER,0,63,-1,-1,5
1768,T35,T36,63,2,22,63,-1,63,07T35@3,08T36@4,17,63,-1,-1,4
1371,T36,OTHER,63,1,57,45,-1,-1,09T36@4,BUYER,0,63,-1,-1,5
1375,OTHER,T36,63,2,10,45,-1,-1,SELLER,00T36@0,0,63,-1,-1,0
1379,T36,OTHER,63,1,57,45,-1,-1,08T36@4,BUYER,0,63,-1,-1,5
1377,OTHER,T36,63,3,10,45,-1,-1,SELLER,00T36@0,0,63,-1,-1,0
1378,T36,OTHER,63,2,57,45,-1,-1,09T36@4,BUYER,0,63,-1,-1,5
1382,OTHER,T35,63,3,10,45,-1,-1,SELLER,01T35@0,0,63,-1,-1,0
1383,OTHER,T35,63,1,10,45,-1,-1,SELLER,01T35@0,0,63,-1,-1,0
1384,OTHER,T35,63,3,10,45,-1,-1,SELLER,01T35@0,0,63,-1,-1,0
1385,OTHER,T36,63,1,10,45,-1,-1,SELLER,00T36@0,0,63,-1,-1,0
1386,T36,OTHER,63,3,57,-1,-1,-1,08T36@4,BUYER,0,-1,-1,-1,5
1747,T35,T36,63,7,24,62,-1,62,07T35@3,08T36@4,17,63,-1,-1,4
1733,T35,T36,63,10,24,61,-1,61,07T35@3,08T36@4,17,63,-1,-1,4
1732,T35,T36,63,10,24,61,-1,61,07T35@3,09T36@4,17,63,-1,-1,4
1376,OTHER,T36,63,2,10,45,-1,-1,SELLER,00T36@0,0,63,-1,-1,0
1365,T36,OTHER,63,3,57,45,-1,-1,08T36@4,BUYER,0,63,-1,-1,5
1389,OTHER,T35,64,1,10,46,-1,-1,SELLER,01T35@0,0,64,-1,-1,0
1397,T36,OTHER,64,5,57,46,-1,-1,08T36@4,BUYER,0,64,-1,-1,5
1410,T36,OTHER,64,1,57,-1,-1,-1,08T36@4,BUYER,0,-1,-1,-1,5
1409,T36,OTHER,64,1,57,-1,-1,-1,08T36@4,BUYER,0,-1,-1,-1,5
1408,T36,OTHER,64,2,57,-1,-1,-1,08T36@4,BUYER,0,-1,-1,-1,5
1407,OTHER,T36,64,2,10,46,-1,-1,SELLER,00T36@0,0,64,-1,-1,0
1406,T36,OTHER,64,2,57,46,-1,-1,09T36@4,BUYER,0,64,-1,-1,5
1405,OTHER,T35,64,2,10,46,-1,-1,SELLER,01T35@0,0,64,-1,-1,0
1403,OTHER,T35,64,1,10,46,-1,-1,SELLER,01T35@0,0,64,-1,-1,0
1401,OTHER,T36,64,1,10,46,-1,-1,SELLER,00T36@0,0,64,-1,-1,0
1400,OTHER,T35,64,1,10,46,-1,-1,SELLER,01T35@0,0,64,-1,-1,0
1404,T36,OTHER,64,3,57,46,-1,-1,09T36@4,BUYER,0,64,-1,-1,5
1387,T36,OTHER,64,1,57,46,-1,-1,08T36@4,BUYER,0,64,-1,-1,5
1396,OTHER,T36,64,2,10,46,-1,-1,SELLER,00T36@0,0,64,-1,-1,0
1399,OTHER,T36,64,3,10,46,-1,-1,SELLER,00T36@0,0,64,-1,-1,0
1394,T36,OTHER,64,2,57,46,-1,-1,08T36@4,BUYER,0,64,-1,-1,5
1393,T36,OTHER,64,2,57,46,-1,-1,08T36@4,BUYER,0,64,-1,-1,5
1392,T36,OTHER,64,1,57,46,-1,-1,08T36@4,BUYER,0,64,-1,-1,5
1395,OTHER,T35,64,4,10,46,-1,-1,SELLER,01T35@0,0,64,-1,-1,0
1391,OTHER,T35,64,2,10,46,-1,-1,SELLER,01T35@0,0,64,-1,-1,0
1388,OTHER,T35,64,1,10,46,-1,-1,SELLER,01T35@0,0,64,-1,-1,0
1722,T22,T35,65,3,52,60,-1,60,05T22@2,07T35@3,17,65,-1,-1,3
1422,OTHER,T36,65,2,10,47,-1,-1,SELLER,00T36@0,0,65,-1,-1,0
1421,T36,OTHER,65,3,57,47,-1,-1,08T36@4,BUYER,0,65,-1,-1,5
1420,T36,OTHER,65,2,57,47,-1,-1,09T36@4,BUYER,0,65,-1,-1,5
1418,OTHER,T36,65,3,10,47,-1,-1,SELLER,00T36@0,0,65,-1,-1,0
1415,T36,OTHER,65,1,57,47,-1,-1,08T36@4,BUYER,0,65,-1,-1,5
1414,OTHER,T36,65,1,10,47,-1,-1,SELLER,00T36@0,0,65,-1,-1,0
1412,T36,OTHER,65,3,57,47,-1,-1,09T36@4,BUYER,0,65,-1,-1,5
1423,OTHER,T36,65,3,10,47,-1,-1,SELLER,00T36@0,0,65,-1,-1,0
1411,T36,OTHER,65,2,57,47,-1,-1,09T36@4,BUYER,0,65,-1,-1,5
1780,T35,T36,65,6,24,64,-1,64,07T35@3,09T36@4,17,65,-1,-1,4
1782,T35,T36,65,7,24,64,-1,64,07T35@3,08T36@4,17,65,-1,-1,4
1430,OTHER,T36,65,3,10,47,-1,-1,SELLER,00T36@0,0,65,-1,-1,0
1601,T22,T35,65,3,53,55,-1,55,05T22@2,07T35@3,17,65,-1,-1,3
1413,OTHER,T35,65,1,10,47,-1,-1,SELLER,01T35@0,0,65,-1,-1,0
1424,OTHER,T36,65,1,10,47,-1,-1,SELLER,00T36@0,0,65,-1,-1,0
1431,T36,OTHER,65,1,57,47,-1,-1,09T36@4,BUYER,0,65,-1,-1,5
1426,OTHER,T35,65,2,10,47,-1,-1,SELLER,01T35@0,0,65,-1,-1,0
1427,OTHER,T36,65,1,10,47,-1,-1,SELLER,00T36@0,0,65,-1,-1,0
1428,T36,OTHER,65,5,57,47,-1,-1,08T36@4,BUYER,0,65,-1,-1,5
1425,OTHER,T35,65,3,10,47,-1,-1,SELLER,01T35@0,0,65,-1,-1,0
1429,T36,OTHER,65,3,57,47,-1,-1,09T36@4,BUYER,0,65,-1,-1,5
1454,T36,OTHER,66,1,57,-1,-1,-1,08T36@4,BUYER,0,-1,-1,-1,5
1453,OTHER,T36,66,3,10,48,-1,-1,SELLER,00T36@0,0,66,-1,-1,0
1452,T36,OTHER,66,2,57,48,-1,-1,09T36@4,BUYER,0,66,-1,-1,5
1451,T36,OTHER,66,3,57,48,-1,-1,09T36@4,BUYER,0,66,-1,-1,5
1450,OTHER,T35,66,2,10,48,-1,-1,SELLER,01T35@0,0,66,-1,-1,0
1444,OTHER,T36,66,1,10,48,-1,-1,SELLER,00T36@0,0,66,-1,-1,0
1448,T36,OTHER,66,2,57,48,-1,-1,08T36@4,BUYER,0,66,-1,-1,5
1446,OTHER,T36,66,1,10,48,-1,-1,SELLER,00T36@0,0,66,-1,-1,0
1636,T22,T35,66,3,53,56,-1,56,05T22@2,07T35@3,17,66,-1,-1,3
1445,T36,OTHER,66,2,57,48,-1,-1,08T36@4,BUYER,0,66,-1,-1,5
1795,T35,T36,66,2,22,66,-1,66,07T35@3,09T36@4,17,66,-1,-1,4
1449,OTHER,T35,66,1,10,48,-1,-1,SELLER,01T35@0,0,66,-1,-1,0
1791,T35,T36,66,7,24,65,-1,65,07T35@3,09T36@4,17,66,-1,-1,4
1437,T36,OTHER,66,1,57,48,-1,-1,09T36@4,BUYER,0,66,-1,-1,5
1766,T35,T36,66,11,21,63,-1,63,07T35@3,09T36@4,17,66,-1,-1,4
1441,OTHER,T36,66,2,10,48,-1,-1,SELLER,00T36@0,0,66,-1,-1,0
1748,T35,T36,66,8,21,62,-1,62,07T35@3,09T36@4,17,66,-1,-1,4
1432,OTHER,T35,66,1,10,48,-1,-1,SELLER,01T35@0,0,66,-1,-1,0
1440,OTHER,T35,66,2,10,48,-1,-1,SELLER,01T35@0,0,66,-1,-1,0
1439,OTHER,T36,66,3,10,48,-1,-1,SELLER,00T36@0,0,66,-1,-1,0
1438,T36,OTHER,66,4,57,48,-1,-1,09T36@4,BUYER,0,66,-1,-1,5
1442,T36,OTHER,66,1,57,48,-1,-1,08T36@4,BUYER,0,66,-1,-1,5
1436,OTHER,T35,66,4,10,48,-1,-1,SELLER,01T35@0,0,66,-1,-1,0
1435,T36,OTHER,66,1,57,48,-1,-1,08T36@4,BUYER,0,66,-1,-1,5
1434,T36,OTHER,66,3,57,48,-1,-1,08T36@4,BUYER,0,66,-1,-1,5
1459,OTHER,T35,67,4,10,49,-1,-1,SELLER,01T35@0,0,67,-1,-1,0
1457,OTHER,T35,67,1,10,49,-1,-1,SELLER,01T35@0,0,67,-1,-1,0
1460,T36,OTHER,67,3,57,49,-1,-1,09T36@4,BUYER,0,67,-1,-1,5
1467,OTHER,T35,67,3,10,49,-1,-1,SELLER,01T35@0,0,67,-1,-1,0
1653,T22,T35,67,3,53,57,-1,57,05T22@2,07T35@3,17,67,-1,-1,3
1749,T22,T35,67,3,52,62,-1,62,05T22@2,07T35@3,17,67,-1,-1,3
1456,OTHER,T36,67,1,10,49,-1,-1,SELLER,00T36@0,0,67,-1,-1,0
1461,T36,OTHER,67,4,57,49,-1,-1,08T36@4,BUYER,0,67,-1,-1,5
1468,OTHER,T36,67,2,10,49,-1,-1,SELLER,00T36@0,0,67,-1,-1,0
1464,T36,OTHER,67,1,57,49,-1,-1,09T36@4,BUYER,0,67,-1,-1,5
1465,T36,OTHER,67,1,57,49,-1,-1,09T36@4,BUYER,0,67,-1,-1,5
1462,OTHER,T35,67,1,10,49,-1,-1,SELLER,01T35@0,0,67,-1,-1,0
1477,T36,OTHER,67,1,57,-1,-1,-1,08T36@4,BUYER,0,-1,-1,-1,5
1476,T36,OTHER,67,3,57,-1,-1,-1,09T36@4,BUYER,0,-1,-1,-1,5
1463,OTHER,T36,67,3,10,49,-1,-1,SELLER,00T36@0,0,67,-1,-1,0
1466,OTHER,T36,67,1,10,49,-1,-1,SELLER,00T36@0,0,67,-1,-1,0
1475,T36,OTHER,67,2,57,-1,-1,-1,09T36@4,BUYER,0,-1,-1,-1,5
1472,OTHER,T35,67,3,10,49,-1,-1,SELLER,01T35@0,0,67,-1,-1,0
1471,OTHER,T36,67,1,10,49,-1,-1,SELLER,00T36@0,0,67,-1,-1,0
1470,T36,OTHER,67,2,57,49,-1,-1,08T36@4,BUYER,0,67,-1,-1,5
1469,T36,OTHER,67,2,57,49,-1,-1,09T36@4,BUYER,0,67,-1,-1,5
1473,T36,OTHER,67,1,57,49,-1,-1,08T36@4,BUYER,0,67,-1,-1,5
1489,OTHER,T35,68,2,10,50,-1,-1,SELLER,01T35@0,0,68,-1,-1,0
1490,T36,OTHER,68,1,57,50,-1,-1,08T36@4,BUYER,0,68,-1,-1,5
1491,T36,OTHER,68,1,57,50,-1,-1,09T36@4,BUYER,0,68,-1,-1,5
1803,T35,T36,68,2,22,68,-1,68,07T35@3,09T36@4,17,68,-1,-1,4
1492,OTHER,T35,68,1,10,50,-1,-1,SELLER,01T35@0,0,68,-1,-1,0
1498,T36,OTHER,68,2,57,-1,-1,-1,08T36@4,BUYER,0,-1,-1,-1,5
1495,OTHER,T35,68,3,10,50,-1,-1,SELLER,01T35@0,0,68,-1,-1,0
1496,T36,OTHER,68,4,57,-1,-1,-1,09T36@4,BUYER,0,-1,-1,-1,5
1488,OTHER,T36,68,4,10,50,-1,-1,SELLER,00T36@0,0,68,-1,-1,0
1499,T36,OTHER,68,2,57,-1,-1,-1,09T36@4,BUYER,0,-1,-1,-1,5
1493,OTHER,T35,68,1,10,50,-1,-1,SELLER,01T35@0,0,68,-1,-1,0
1798,T35,T36,68,7,24,67,-1,67,07T35@3,08T36@4,17,68,-1,-1,4
1497,T36,OTHER,68,3,57,-1,-1,-1,08T36@4,BUYER,0,-1,-1,-1,5
1487,OTHER,T35,68,4,10,50,-1,-1,SELLER,01T35@0,0,68,-1,-1,0
1486,T36,OTHER,68,1,57,50,-1,-1,09T36@4,BUYER,0,68,-1,-1,5
1485,OTHER,T36,68,1,10,50,-1,-1,SELLER,00T36@0,0,68,-1,-1,0
1483,OTHER,T36,68,1,10,50,-1,-1,SELLER,00T36@0,0,68,-1,-1,0
1482,T36,OTHER,68,3,57,50,-1,-1,08T36@4,BUYER,0,68,-1,-1,5
1761,T22,T35,68,3,52,63,-1,63,05T22@2,07T35@3,17,68,-1,-1,3
1481,T36,OTHER,68,1,57,50,-1,-1,09T36@4,BUYER,0,68,-1,-1,5
1480,T36,OTHER,68,2,57,50,-1,-1,08T36@4,BUYER,0,68,-1,-1,5
1478,OTHER,T36,68,3,10,50,-1,-1,SELLER,00T36@0,0,68,-1,-1,0
1796,T35,T36,68,9,24,66,-1,66,07T35@3,08T36@4,17,68,-1,-1,4
1679,T22,T35,68,3,53,58,-1,58,05T22@2,07T35@3,17,68,-1,-1,3
1789,T35,T36,69,9,21,65,-1,65,07T35@3,08T36@4,17,69,-1,-1,4
1500,T36,OTHER,69,2,57,51,-1,-1,08T36@4,BUYER,0,69,-1,-1,5
1778,T22,T35,69,3,52,64,-1,64,05T22@2,07T35@3,17,69,-1,-1,3
1506,OTHER,T35,69,1,10,51,-1,-1,SELLER,01T35@0,0,69,-1,-1,0
1689,T22,T35,69,3,53,59,-1,59,05T22@2,07T35@3,17,69,-1,-1,3
1507,T36,OTHER,69,4,57,51,-1,-1,09T36@4,BUYER,0,69,-1,-1,5
1503,OTHER,T36,69,1,10,51,-1,-1,SELLER,00T36@0,0,69,-1,-1,0
1502,T36,OTHER,69,1,57,51,-1,-1,09T36@4,BUYER,0,69,-1,-1,5
1501,OTHER,T35,69,3,10,51,-1,-1,SELLER,01T35@0,0,69,-1,-1,0
1524,T36,OTHER,69,2,57,-1,-1,-1,09T36@4,BUYER,0,-1,-1,-1,5
1523,T36,OTHER,69,1,57,-1,-1,-1,08T36@4,BUYER,0,-1,-1,-1,5
1522,T36,OTHER,69,3,57,-1,-1,-1,08T36@4,BUYER,0,-1,-1,-1,5
1521,T36,OTHER,69,2,57,-1,-1,-1,08T36@4,BUYER,0,-1,-1,-1,5
1519,T36,OTHER,69,1,57,51,-1,-1,09T36@4,BUYER,0,69,-1,-1,5
1517,OTHER,T35,69,2,10,51,-1,-1,SELLER,01T35@0,0,69,-1,-1,0
1520,OTHER,T36,69,2,10,51,-1,-1,SELLER,00T36@0,0,69,-1,-1,0
1515,T36,OTHER,69,1,57,51,-1,-1,09T36@4,BUYER,0,69,-1,-1,5
1514,T36,OTHER,69,2,57,51,-1,-1,08T36@4,BUYER,0,69,-1,-1,5
1505,OTHER,T36,69,1,10,51,-1,-1,SELLER,00T36@0,0,69,-1,-1,0
1512,OTHER,T36,69,1,10,51,-1,-1,SELLER,00T36@0,0,69,-1,-1,0
1511,OTHER,T35,69,2,10,51,-1,-1,SELLER,01T35@0,0,69,-1,-1,0
1510,OTHER,T35,69,2,10,51,-1,-1,SELLER,01T35@0,0,69,-1,-1,0
1509,T36,OTHER,69,1,57,51,-1,-1,09T36@4,BUYER,0,69,-1,-1,5
1508,OTHER,T35,69,2,10,51,-1,-1,SELLER,01T35@0,0,69,-1,-1,0
1516,OTHER,T36,69,3,10,51,-1,-1,SELLER,00T36@0,0,69,-1,-1,0
1535,OTHER,T36,70,2,10,52,-1,-1,SELLER,00T36@0,0,70,-1,-1,0
1549,T36,OTHER,70,1,57,-1,-1,-1,08T36@4,BUYER,0,-1,-1,-1,5
1539,OTHER,T36,70,1,10,52,-1,-1,SELLER,00T36@0,0,70,-1,-1,0
1804,T35,T36,70,6,24,69,-1,69,07T35@3,09T36@4,17,70,-1,-1,4
1537,OTHER,T35,70,2,10,52,-1,-1,SELLER,01T35@0,0,70,-1,-1,0
1536,OTHER,T36,70,3,10,52,-1,-1,SELLER,00T36@0,0,70,-1,-1,0
1534,T36,OTHER,70,1,57,52,-1,-1,08T36@4,BUYER,0,70,-1,-1,5
1540,OTHER,T36,70,1,10,52,-1,-1,SELLER,00T36@0,0,70,-1,-1,0
1532,OTHER,T35,70,1,10,52,-1,-1,SELLER,01T35@0,0,70,-1,-1,0
1531,T36,OTHER,70,2,57,52,-1,-1,08T36@4,BUYER,0,70,-1,-1,5
1530,T36,OTHER,70,3,57,52,-1,-1,09T36@4,BUYER,0,70,-1,-1,5
1529,T36,OTHER,70,1,57,52,-1,-1,08T36@4,BUYER,0,70,-1,-1,5
1528,OTHER,T35,70,3,10,52,-1,-1,SELLER,01T35@0,0,70,-1,-1,0
1527,OTHER,T36,70,2,10,52,-1,-1,SELLER,00T36@0,0,70,-1,-1,0
1542,OTHER,T35,70,1,10,52,-1,-1,SELLER,01T35@0,0,70,-1,-1,0
1525,T36,OTHER,70,2,57,52,-1,-1,09T36@4,BUYER,0,70,-1,-1,5
1533,OTHER,T35,70,3,10,52,-1,-1,SELLER,01T35@0,0,70,-1,-1,0
1543,OTHER,T36,70,1,10,52,-1,-1,SELLER,00T36@0,0,70,-1,-1,0
1548,T36,OTHER,70,3,57,-1,-1,-1,08T36@4,BUYER,0,-1,-1,-1,5
1546,T36,OTHER,70,1,57,-1,-1,-1,09T36@4,BUYER,0,-1,-1,-1,5
1544,T36,OTHER,70,3,57,-1,-1,-1,08T36@4,BUYER,0,-1,-1,-1,5
1545,T36,OTHER,70,2,57,-1,-1,-1,08T36@4,BUYER,0,-1,-1,-1,5
1547,T36,OTHER,70,1,57,-1,-1,-1,09T36@4,BUYER,0,-1,-1,-1,5
1811,T35,T36,71,1,22,71,-1,71,07T35@3,08T36@4,17,71,-1,-1,4
1800,T35,T36,71,9,21,67,-1,67,07T35@3,09T36@4,17,71,-1,-1,4
1797,T22,T35,71,3,52,66,-1,66,05T22@2,07T35@3,17,71,-1,-1,3
1573,T36,OTHER,71,2,57,-1,-1,-1,08T36@4,BUYER,0,-1,-1,-1,5
1572,T36,OTHER,71,2,57,-1,-1,-1,08T36@4,BUYER,0,-1,-1,-1,5
1571,T36,OTHER,71,2,57,-1,-1,-1,08T36@4,BUYER,0,-1,-1,-1,5
1570,T36,OTHER,71,4,57,-1,-1,-1,09T36@4,BUYER,0,-1,-1,-1,5
1569,OTHER,T35,71,1,10,53,-1,-1,SELLER,01T35@0,0,71,-1,-1,0
1566,OTHER,T35,71,2,10,53,-1,-1,SELLER,01T35@0,0,71,-1,-1,0
1565,OTHER,T35,71,1,10,53,-1,-1,SELLER,01T35@0,0,71,-1,-1,0
1564,OTHER,T36,71,3,10,53,-1,-1,SELLER,00T36@0,0,71,-1,-1,0
1550,OTHER,T35,71,4,10,53,-1,-1,SELLER,01T35@0,0,71,-1,-1,0
1562,T36,OTHER,71,2,57,53,-1,-1,09T36@4,BUYER,0,71,-1,-1,5
1551,T36,OTHER,71,1,57,53,-1,-1,08T36@4,BUYER,0,71,-1,-1,5
1552,T36,OTHER,71,1,57,53,-1,-1,08T36@4,BUYER,0,71,-1,-1,5
1563,OTHER,T36,71,1,10,53,-1,-1,SELLER,00T36@0,0,71,-1,-1,0
1554,T36,OTHER,71,1,57,53,-1,-1,09T36@4,BUYER,0,71,-1,-1,5
1555,OTHER,T36,71,3,10,53,-1,-1,SELLER,00T36@0,0,71,-1,-1,0
1556,OTHER,T36,71,2,10,53,-1,-1,SELLER,00T36@0,0,71,-1,-1,0
1553,T36,OTHER,71,1,57,53,-1,-1,09T36@4,BUYER,0,71,-1,-1,5
1558,OTHER,T36,71,1,10,53,-1,-1,SELLER,00T36@0,0,71,-1,-1,0
1559,OTHER,T35,71,2,10,53,-1,-1,SELLER,01T35@0,0,71,-1,-1,0
1734,T22,T35,71,3,53,61,-1,61,05T22@2,07T35@3,17,71,-1,-1,3
1560,T36,OTHER,71,1,57,53,-1,-1,08T36@4,BUYER,0,71,-1,-1,5
1557,T36,OTHER,71,3,57,53,-1,-1,08T36@4,BUYER,0,71,-1,-1,5
1574,OTHER,T35,72,2,10,54,-1,-1,SELLER,01T35@0,0,72,-1,-1,0
1580,OTHER,T35,72,3,10,54,-1,-1,SELLER,01T35@0,0,72,-1,-1,0
1575,T36,OTHER,72,2,57,54,-1,-1,08T36@4,BUYER,0,72,-1,-1,5
1576,OTHER,T35,72,3,10,54,-1,-1,SELLER,01T35@0,0,72,-1,-1,0
1577,OTHER,T35,72,3,10,54,-1,-1,SELLER,01T35@0,0,72,-1,-1,0
1799,T22,T35,72,3,52,67,-1,67,05T22@2,07T35@3,17,72,-1,-1,3
1801,T35,T36,72,8,21,68,-1,68,07T35@3,08T36@4,17,72,-1,-1,4
1578,T36,OTHER,72,2,57,54,-1,-1,08T36@4,BUYER,0,72,-1,-1,5
1579,T36,OTHER,72,2,57,54,-1,-1,09T36@4,BUYER,0,72,-1,-1,5
1581,T36,OTHER,72,1,57,54,-1,-1,08T36@4,BUYER,0,72,-1,-1,5
1588,OTHER,T36,72,1,10,54,-1,-1,SELLER,00T36@0,0,72,-1,-1,0
1589,OTHER,T35,72,2,10,54,-1,-1,SELLER,01T35@0,0,72,-1,-1,0
1812,T35,T36,72,6,24,71,-1,71,07T35@3,09T36@4,17,72,-1,-1,4
1585,OTHER,T35,72,2,10,54,-1,-1,SELLER,01T35@0,0,72,-1,-1,0
1592,T36,OTHER,72,3,57,-1,-1,-1,08T36@4,BUYER,0,-1,-1,-1,5
1593,T36,OTHER,72,1,57,-1,-1,-1,08T36@4,BUYER,0,-1,-1,-1,5
1594,T36,OTHER,72,2,57,-1,-1,-1,09T36@4,BUYER,0,-1,-1,-1,5
1595,T36,OTHER,72,2,57,-1,-1,-1,09T36@4,BUYER,0,-1,-1,-1,5
1596,T36,OTHER,72,2,57,-1,-1,-1,09T36@4,BUYER,0,-1,-1,-1,5
1583,T36,OTHER,72,2,57,54,-1,-1,09T36@4,BUYER,0,72,-1,-1,5
1587,OTHER,T35,72,1,10,54,-1,-1,SELLER,01T35@0,0,72,-1,-1,0
1582,OTHER,T36,72,3,10,54,-1,-1,SELLER,00T36@0,0,72,-1,-1,0
1584,T36,OTHER,72,1,57,54,-1,-1,08T36@4,BUYER,0,72,-1,-1,5
1607,OTHER,T36,73,3,10,55,-1,-1,SELLER,00T36@0,0,73,-1,-1,0
1604,T36,OTHER,73,1,57,55,-1,-1,09T36@4,BUYER,0,73,-1,-1,5
1603,T36,OTHER,73,4,57,55,-1,-1,09T36@4,BUYER,0,73,-1,-1,5
1598,T36,OTHER,73,2,57,55,-1,-1,09T36@4,BUYER,0,73,-1,-1,5
1600,T36,OTHER,73,4,57,55,-1,-1,08T36@4,BUYER,0,73,-1,-1,5
1599,OTHER,T36,73,2,10,55,-1,-1,SELLER,00T36@0,0,73,-1,-1,0
1597,OTHER,T35,73,4,10,55,-1,-1,SELLER,01T35@0,0,73,-1,-1,0
1602,OTHER,T35,73,1,10,55,-1,-1,SELLER,01T35@0,0,73,-1,-1,0
1605,OTHER,T35,73,1,10,55,-1,-1,SELLER,01T35@0,0,73,-1,-1,0
1805,T35,T36,73,8,21,69,-1,69,07T35@3,08T36@4,17,73,-1,-1,4
1610,OTHER,T36,73,3,10,55,-1,-1,SELLER,00T36@0,0,73,-1,-1,0
1611,OTHER,T35,73,4,10,55,-1,-1,SELLER,01T35@0,0,73,-1,-1,0
1612,T36,OTHER,73,2,57,-1,-1,-1,08T36@4,BUYER,0,-1,-1,-1,5
1613,T36,OTHER,73,2,57,-1,-1,-1,08T36@4,BUYER,0,-1,-1,-1,5
1614,T36,OTHER,73,1,57,-1,-1,-1,09T36@4,BUYER,0,-1,-1,-1,5
1615,T36,OTHER,73,1,57,-1,-1,-1,08T36@4,BUYER,0,-1,-1,-1,5
1616,T36,OTHER,73,1,57,-1,-1,-1,08T36@4,BUYER,0,-1,-1,-1,5
1617,T36,OTHER,73,2,57,-1,-1,-1,08T36@4,BUYER,0,-1,-1,-1,5
1606,OTHER,T36,73,2,10,55,-1,-1,SELLER,00T36@0,0,73,-1,-1,0
1816,T35,T36,73,1,22,73,-1,73,07T35@3,09T36@4,17,73,-1,-1,4
1815,T35,T36,73,5,24,72,-1,72,07T35@3,08T36@4,17,73,-1,-1,4
1802,T22,T35,73,3,52,68,-1,68,05T22@2,07T35@3,17,73,-1,-1,3
1813,T35,T36,73,5,24,72,-1,72,07T35@3,09T36@4,17,73,-1,-1,4
1809,T35,T36,74,9,21,70,-1,70,07T35@3,08T36@4,17,74,-1,-1,4
1821,T35,T36,74,1,22,74,-1,74,07T35@3,08T36@4,17,74,-1,-1,4
1817,T35,T36,74,5,24,73,-1,73,07T35@3,08T36@4,17,74,-1,-1,4
1808,T35,T36,74,9,21,70,-1,70,07T35@3,09T36@4,17,74,-1,-1,4
1631,OTHER,T36,74,4,10,56,-1,-1,SELLER,00T36@0,0,74,-1,-1,0
1635,OTHER,T36,74,1,10,56,-1,-1,SELLER,00T36@0,0,74,-1,-1,0
1642,T36,OTHER,74,1,57,-1,-1,-1,09T36@4,BUYER,0,-1,-1,-1,5
1641,T36,OTHER,74,1,57,-1,-1,-1,09T36@4,BUYER,0,-1,-1,-1,5
1640,T36,OTHER,74,1,57,-1,-1,-1,08T36@4,BUYER,0,-1,-1,-1,5
1639,T36,OTHER,74,3,57,-1,-1,-1,08T36@4,BUYER,0,-1,-1,-1,5
1638,T36,OTHER,74,5,57,-1,-1,-1,09T36@4,BUYER,0,-1,-1,-1,5
1634,OTHER,T36,74,1,10,56,-1,-1,SELLER,00T36@0,0,74,-1,-1,0
1633,OTHER,T36,74,1,10,56,-1,-1,SELLER,00T36@0,0,74,-1,-1,0
1632,OTHER,T35,74,2,10,56,-1,-1,SELLER,01T35@0,0,74,-1,-1,0
1629,T36,OTHER,74,2,57,56,-1,-1,08T36@4,BUYER,0,74,-1,-1,5
1628,OTHER,T36,74,2,10,56,-1,-1,SELLER,00T36@0,0,74,-1,-1,0
1626,T36,OTHER,74,2,57,56,-1,-1,08T36@4,BUYER,0,74,-1,-1,5
1627,T36,OTHER,74,1,57,56,-1,-1,08T36@4,BUYER,0,74,-1,-1,5
1618,OTHER,T35,74,2,10,56,-1,-1,SELLER,01T35@0,0,74,-1,-1,0
1624,OTHER,T36,74,3,10,56,-1,-1,SELLER,00T36@0,0,74,-1,-1,0
1623,T36,OTHER,74,2,57,56,-1,-1,09T36@4,BUYER,0,74,-1,-1,5
1622,T36,OTHER,74,2,57,56,-1,-1,09T36@4,BUYER,0,74,-1,-1,5
1621,OTHER,T35,74,1,10,56,-1,-1,SELLER,01T35@0,0,74,-1,-1,0
1625,OTHER,T36,74,1,10,56,-1,-1,SELLER,00T36@0,0,74,-1,-1,0
1620,OTHER,T35,74,1,10,56,-1,-1,SELLER,01T35@0,0,74,-1,-1,0
1619,OTHER,T36,74,1,10,56,-1,-1,SELLER,00T36@0,0,74,-1,-1,0
1654,OTHER,T36,75,1,10,57,-1,-1,SELLER,00T36@0,0,75,-1,-1,0
1647,T36,OTHER,75,2,57,57,-1,-1,08T36@4,BUYER,0,75,-1,-1,5
1658,OTHER,T36,75,2,10,57,-1,-1,SELLER,00T36@0,0,75,-1,-1,0
1657,OTHER,T35,75,1,10,57,-1,-1,SELLER,01T35@0,0,75,-1,-1,0
1649,T36,OTHER,75,2,57,57,-1,-1,08T36@4,BUYER,0,75,-1,-1,5
1652,OTHER,T35,75,3,10,57,-1,-1,SELLER,01T35@0,0,75,-1,-1,0
1656,OTHER,T35,75,3,10,57,-1,-1,SELLER,01T35@0,0,75,-1,-1,0
1645,T36,OTHER,75,2,57,57,-1,-1,08T36@4,BUYER,0,75,-1,-1,5
1655,OTHER,T35,75,1,10,57,-1,-1,SELLER,01T35@0,0,75,-1,-1,0
1648,OTHER,T35,75,1,10,57,-1,-1,SELLER,01T35@0,0,75,-1,-1,0
1644,T36,OTHER,75,2,57,57,-1,-1,09T36@4,BUYER,0,75,-1,-1,5
1651,OTHER,T35,75,3,10,57,-1,-1,SELLER,01T35@0,0,75,-1,-1,0
1643,T36,OTHER,75,1,57,57,-1,-1,09T36@4,BUYER,0,75,-1,-1,5
1661,T36,OTHER,75,3,57,-1,-1,-1,09T36@4,BUYER,0,-1,-1,-1,5
1662,T36,OTHER,75,1,57,-1,-1,-1,08T36@4,BUYER,0,-1,-1,-1,5
1659,OTHER,T36,75,2,10,57,-1,-1,SELLER,00T36@0,0,75,-1,-1,0
1663,T36,OTHER,75,2,57,-1,-1,-1,08T36@4,BUYER,0,-1,-1,-1,5
1664,T36,OTHER,75,2,57,-1,-1,-1,08T36@4,BUYER,0,-1,-1,-1,5
1665,T36,OTHER,75,3,57,-1,-1,-1,08T36@4,BUYER,0,-1,-1,-1,5
1820,T35,T36,75,5,24,74,-1,74,07T35@3,09T36@4,17,75,-1,-1,4
1788,T22,T35,75,3,53,65,-1,65,05T22@2,07T35@3,17,75,-1,-1,3
1660,OTHER,T36,75,3,10,57,-1,-1,SELLER,00T36@0,0,75,-1,-1,0
1667,T36,OTHER,76,1,57,58,-1,-1,08T36@4,BUYER,0,76,-1,-1,5
1810,T22,T35,76,3,52,71,-1,71,05T22@2,07T35@3,17,76,-1,-1,3
1823,T35,T36,76,7,24,75,-1,75,07T35@3,08T36@4,17,76,-1,-1,4
1668,T36,OTHER,76,2,57,58,-1,-1,09T36@4,BUYER,0,76,-1,-1,5
1688,T36,OTHER,76,1,57,-1,-1,-1,08T36@4,BUYER,0,-1,-1,-1,5
1675,OTHER,T35,76,3,10,58,-1,-1,SELLER,01T35@0,0,76,-1,-1,0
1678,OTHER,T35,76,3,10,58,-1,-1,SELLER,01T35@0,0,76,-1,-1,0
1674,OTHER,T36,76,4,10,58,-1,-1,SELLER,00T36@0,0,76,-1,-1,0
1673,T36,OTHER,76,1,57,58,-1,-1,09T36@4,BUYER,0,76,-1,-1,5
1672,OTHER,T36,76,1,10,58,-1,-1,SELLER,00T36@0,0,76,-1,-1,0
1680,OTHER,T35,76,2,10,58,-1,-1,SELLER,01T35@0,0,76,-1,-1,0
1682,OTHER,T36,76,1,10,58,-1,-1,SELLER,00T36@0,0,76,-1,-1,0
1683,OTHER,T36,76,3,10,58,-1,-1,SELLER,00T36@0,0,76,-1,-1,0
1671,T36,OTHER,76,3,57,58,-1,-1,09T36@4,BUYER,0,76,-1,-1,5
1677,OTHER,T35,76,2,10,58,-1,-1,SELLER,01T35@0,0,76,-1,-1,0
1676,OTHER,T35,76,1,10,58,-1,-1,SELLER,01T35@0,0,76,-1,-1,0
1685,T36,OTHER,76,1,57,-1,-1,-1,09T36@4,BUYER,0,-1,-1,-1,5
1686,T36,OTHER,76,2,57,-1,-1,-1,08T36@4,BUYER,0,-1,-1,-1,5
1687,T36,OTHER,76,1,57,-1,-1,-1,08T36@4,BUYER,0,-1,-1,-1,5
1670,T36,OTHER,76,1,57,58,-1,-1,09T36@4,BUYER,0,76,-1,-1,5
1666,T36,OTHER,76,4,57,58,-1,-1,08T36@4,BUYER,0,76,-1,-1,5
1684,T36,OTHER,76,3,57,-1,-1,-1,08T36@4,BUYER,0,-1,-1,-1,5
1706,T36,OTHER,77,2,57,-1,-1,-1,08T36@4,BUYER,0,-1,-1,-1,5
1705,T36,OTHER,77,1,57,-1,-1,-1,09T36@4,BUYER,0,-1,-1,-1,5
1814,T22,T35,77,3,52,72,-1,72,05T22@2,07T35@3,17,77,-1,-1,3
1703,T36,OTHER,77,3,57,-1,-1,-1,09T36@4,BUYER,0,-1,-1,-1,5
1704,T36,OTHER,77,3,57,-1,-1,-1,08T36@4,BUYER,0,-1,-1,-1,5
1707,T36,OTHER,77,3,57,-1,-1,-1,09T36@4,BUYER,0,-1,-1,-1,5
1701,OTHER,T36,77,1,10,59,-1,-1,SELLER,00T36@0,0,77,-1,-1,0
1829,T35,T36,77,2,22,77,-1,77,07T35@3,09T36@4,17,77,-1,-1,4
1691,OTHER,T36,77,2,10,59,-1,-1,SELLER,00T36@0,0,77,-1,-1,0
1693,OTHER,T36,77,3,10,59,-1,-1,SELLER,00T36@0,0,77,-1,-1,0
1694,OTHER,T35,77,4,10,59,-1,-1,SELLER,01T35@0,0,77,-1,-1,0
1695,OTHER,T35,77,1,10,59,-1,-1,SELLER,01T35@0,0,77,-1,-1,0
1711,T36,OTHER,77,2,57,-1,-1,-1,08T36@4,BUYER,0,-1,-1,-1,5
1702,OTHER,T36,77,2,10,59,-1,-1,SELLER,00T36@0,0,77,-1,-1,0
1696,OTHER,T36,77,2,10,59,-1,-1,SELLER,00T36@0,0,77,-1,-1,0
1699,OTHER,T36,77,3,10,59,-1,-1,SELLER,00T36@0,0,77,-1,-1,0
1700,OTHER,T35,77,1,10,59,-1,-1,SELLER,01T35@0,0,77,-1,-1,0
1710,T36,OTHER,77,2,57,-1,-1,-1,08T36@4,BUYER,0,-1,-1,-1,5
1709,T36,OTHER,77,1,57,-1,-1,-1,09T36@4,BUYER,0,-1,-1,-1,5
1708,T36,OTHER,77,2,57,-1,-1,-1,09T36@4,BUYER,0,-1,-1,-1,5
1698,OTHER,T35,77,1,10,59,-1,-1,SELLER,01T35@0,0,77,-1,-1,0
1690,T36,OTHER,77,1,57,59,-1,-1,09T36@4,BUYER,0,77,-1,-1,5
1713,OTHER,T36,78,3,10,60,-1,-1,SELLER,00T36@0,0,78,-1,-1,0
1825,T35,T36,78,9,24,76,-1,76,07T35@3,08T36@4,17,78,-1,-1,4
1827,T35,T36,78,9,24,76,-1,76,07T35@3,09T36@4,17,78,-1,-1,4
1712,OTHER,T35,78,2,10,60,-1,-1,SELLER,01T35@0,0,78,-1,-1,0
1728,T36,OTHER,78,2,57,-1,-1,-1,09T36@4,BUYER,0,-1,-1,-1,5
1731,T36,OTHER,78,2,57,-1,-1,-1,08T36@4,BUYER,0,-1,-1,-1,5
1730,T36,OTHER,78,2,57,-1,-1,-1,09T36@4,BUYER,0,-1,-1,-1,5
1729,T36,OTHER,78,1,57,-1,-1,-1,08T36@4,BUYER,0,-1,-1,-1,5
1725,T36,OTHER,78,4,57,-1,-1,-1,08T36@4,BUYER,0,-1,-1,-1,5
1724,T36,OTHER,78,4,57,-1,-1,-1,08T36@4,BUYER,0,-1,-1,-1,5
1726,T36,OTHER,78,1,57,-1,-1,-1,08T36@4,BUYER,0,-1,-1,-1,5
1723,T36,OTHER,78,1,57,-1,-1,-1,08T36@4,BUYER,0,-1,-1,-1,5
1727,T36,OTHER,78,3,57,-1,-1,-1,09T36@4,BUYER,0,-1,-1,-1,5
1720,OTHER,T36,78,4,10,60,-1,-1,SELLER,00T36@0,0,78,-1,-1,0
1719,OTHER,T36,78,2,10,60,-1,-1,SELLER,00T36@0,0,78,-1,-1,0
1718,OTHER,T35,78,3,10,60,-1,-1,SELLER,01T35@0,0,78,-1,-1,0
1717,OTHER,T35,78,1,10,60,-1,-1,SELLER,01T35@0,0,78,-1,-1,0
1716,OTHER,T35,78,3,10,60,-1,-1,SELLER,01T35@0,0,78,-1,-1,0
1721,OTHER,T35,78,2,10,60,-1,-1,SELLER,01T35@0,0,78,-1,-1,0
1735,T36,OTHER,79,2,57,-1,-1,-1,09T36@4,BUYER,0,-1,-1,-1,5
1736,T36,OTHER,79,2,57,-1,-1,-1,09T36@4,BUYER,0,-1,-1,-1,5
1738,T36,OTHER,79,1,57,-1,-1,-1,08T36@4,BUYER,0,-1,-1,-1,5
1737,T36,OTHER,79,1,57,-1,-1,-1,09T36@4,BUYER,0,-1,-1,-1,5
1740,T36,OTHER,79,3,57,-1,-1,-1,08T36@4,BUYER,0,-1,-1,-1,5
1741,T36,OTHER,79,1,57,-1,-1,-1,09T36@4,BUYER,0,-1,-1,-1,5
1742,T36,OTHER,79,2,57,-1,-1,-1,08T36@4,BUYER,0,-1,-1,-1,5
1806,T22,T35,79,3,53,69,-1,69,05T22@2,07T35@3,17,79,-1,-1,3
1744,T36,OTHER,79,4,57,-1,-1,-1,09T36@4,BUYER,0,-1,-1,-1,5
1745,T36,OTHER,79,1,57,-1,-1,-1,08T36@4,BUYER,0,-1,-1,-1,5
1746,T36,OTHER,79,1,57,-1,-1,-1,09T36@4,BUYER,0,-1,-1,-1,5
1824,T35,T36,79,9,21,75,-1,75,07T35@3,09T36@4,17,79,-1,-1,4
1739,T36,OTHER,79,1,57,-1,-1,-1,08T36@4,BUYER,0,-1,-1,-1,5
1743,T36,OTHER,79,1,57,-1,-1,-1,09T36@4,BUYER,0,-1,-1,-1,5
1759,T36,OTHER,80,2,57,-1,-1,-1,09T36@4,BUYER,0,-1,-1,-1,5
1758,T36,OTHER,80,1,57,-1,-1,-1,09T36@4,BUYER,0,-1,-1,-1,5
1750,T36,OTHER,80,3,57,-1,-1,-1,09T36@4,BUYER,0,-1,-1,-1,5
1822,T22,T35,80,2,52,75,-1,75,05T22@2,07T35@3,17,80,-1,-1,3
1751,T36,OTHER,80,2,57,-1,-1,-1,08T36@4,BUYER,0,-1,-1,-1,5
1752,T36,OTHER,80,2,57,-1,-1,-1,08T36@4,BUYER,0,-1,-1,-1,5
1753,T36,OTHER,80,2,57,-1,-1,-1,08T36@4,BUYER,0,-1,-1,-1,5
1754,T36,OTHER,80,3,57,-1,-1,-1,09T36@4,BUYER,0,-1,-1,-1,5
1755,T36,OTHER,80,2,57,-1,-1,-1,08T36@4,BUYER,0,-1,-1,-1,5
1756,T36,OTHER,80,1,57,-1,-1,-1,08T36@4,BUYER,0,-1,-1,-1,5
1807,T22,T35,80,3,53,70,-1,70,05T22@2,07T35@3,17,80,-1,-1,3
1757,T36,OTHER,80,2,57,-1,-1,-1,08T36@4,BUYER,0,-1,-1,-1,5
1828,T35,T36,81,9,21,77,-1,77,07T35@3,08T36@4,17,81,-1,-1,4
1773,T36,OTHER,81,3,57,-1,-1,-1,08T36@4,BUYER,0,-1,-1,-1,5
1772,T36,OTHER,81,2,57,-1,-1,-1,09T36@4,BUYER,0,-1,-1,-1,5
1767,T36,OTHER,81,1,57,63,-1,-1,09T36@4,BUYER,0,81,-1,-1,5
1771,T36,OTHER,81,1,57,-1,-1,-1,08T36@4,BUYER,0,-1,-1,-1,5
1765,T36,OTHER,81,2,57,63,-1,-1,09T36@4,BUYER,0,81,-1,-1,5
1770,T36,OTHER,81,1,57,-1,-1,-1,08T36@4,BUYER,0,-1,-1,-1,5
1769,T36,OTHER,81,2,57,-1,-1,-1,08T36@4,BUYER,0,-1,-1,-1,5
1763,T36,OTHER,81,2,57,63,-1,-1,08T36@4,BUYER,0,81,-1,-1,5
1762,T36,OTHER,81,2,57,63,-1,-1,08T36@4,BUYER,0,81,-1,-1,5
1760,T36,OTHER,81,1,57,63,-1,-1,08T36@4,BUYER,0,81,-1,-1,5
1764,T36,OTHER,81,3,57,63,-1,-1,09T36@4,BUYER,0,81,-1,-1,5
1784,T36,OTHER,82,1,57,-1,-1,-1,09T36@4,BUYER,0,-1,-1,-1,5
1783,T36,OTHER,82,1,57,-1,-1,-1,08T36@4,BUYER,0,-1,-1,-1,5
1781,T36,OTHER,82,3,57,64,-1,-1,09T36@4,BUYER,0,82,-1,-1,5
1777,T36,OTHER,82,4,57,64,-1,-1,08T36@4,BUYER,0,82,-1,-1,5
1776,T36,OTHER,82,3,57,64,-1,-1,09T36@4,BUYER,0,82,-1,-1,5
1775,T36,OTHER,82,4,57,64,-1,-1,08T36@4,BUYER,0,82,-1,-1,5
1774,T36,OTHER,82,1,57,64,-1,-1,09T36@4,BUYER,0,82,-1,-1,5
1830,T22,T35,82,1,52,77,-1,77,05T22@2,07T35@3,17,82,-1,-1,3
1779,T36,OTHER,82,3,57,64,-1,-1,09T36@4,BUYER,0,82,-1,-1,5
1826,T22,T35,83,2,53,76,-1,76,05T22@2,07T35@3,17,83,-1,-1,3
1793,T36,OTHER,83,4,57,-1,-1,-1,09T36@4,BUYER,0,-1,-1,-1,5
1818,T22,T35,83,3,53,73,-1,73,05T22@2,07T35@3,17,83,-1,-1,3
1794,T36,OTHER,83,5,57,-1,-1,-1,09T36@4,BUYER,0,-1,-1,-1,5
1785,T36,OTHER,83,1,57,65,-1,-1,09T36@4,BUYER,0,83,-1,-1,5
1786,T36,OTHER,83,3,57,65,-1,-1,08T36@4,BUYER,0,83,-1,-1,5
1787,T36,OTHER,83,2,57,65,-1,-1,09T36@4,BUYER,0,83,-1,-1,5
1790,T36,OTHER,83,4,57,65,-1,-1,08T36@4,BUYER,0,83,-1,-1,5
1792,T36,OTHER,83,1,57,65,-1,-1,08T36@4,BUYER,0,83,-1,-1,5
1819,T22,T35,83,3,53,74,-1,74,05T22@2,07T35@3,17,83,-1,-1,3
1831,T22,T35,83,1,52,78,-1,78,05T22@2,07T35@3,17,83,-1,-1,3
