index,seller_type,buyer_type,delivery_time,quantity,unit_price,signed_at,nullified_at,concluded_at,seller,buyer,n_neg_steps,executed_at,erred_at,dropped_at,product
426,OTHER,T40,0,1,10,0,-1,-1,SELLER,00T40@0,0,0,-1,-1,0
69,OTHER,T22,0,1,10,0,-1,-1,SELLER,01T22@0,0,0,-1,-1,0
437,OTHER,T40,0,2,10,0,-1,-1,SELLER,00T40@0,0,0,-1,-1,0
148,OTHER,T40,0,3,10,0,-1,-1,SELLER,00T40@0,0,0,-1,-1,0
164,OTHER,T22,0,4,10,0,-1,-1,SELLER,01T22@0,0,0,-1,-1,0
322,OTHER,T22,0,1,10,0,-1,-1,SELLER,01T22@0,0,0,-1,-1,0
323,OTHER,T40,0,2,10,0,-1,-1,SELLER,00T40@0,0,0,-1,-1,0
187,OTHER,T22,0,3,10,0,-1,-1,SELLER,01T22@0,0,0,-1,-1,0
410,OTHER,T40,0,3,10,0,-1,-1,SELLER,00T40@0,0,0,-1,-1,0
413,OTHER,T22,1,1,10,0,-1,-1,SELLER,01T22@0,0,1,-1,-1,0
718,T35,T22,1,3,17,1,-1,1,05T35@2,07T22@3,17,1,-1,-1,3
728,T23,T37,1,3,3,-1,-1,1,02T23@1,04T37@2,15,-1,-1,-1,2
108,OTHER,T22,1,1,10,0,-1,-1,SELLER,01T22@0,0,1,-1,-1,0
751,T22,T37,1,1,36,-1,-1,1,03T22@1,04T37@2,17,-1,-1,-1,2
721,T22,T23,1,2,87,-1,-1,1,07T22@3,08T23@4,10,-1,-1,-1,4
723,T22,T23,1,3,78,-1,-1,1,06T22@3,08T23@4,15,-1,-1,-1,4
382,OTHER,T40,1,2,10,0,-1,-1,SELLER,00T40@0,0,1,-1,-1,0
727,T23,T37,1,5,6,-1,-1,1,02T23@1,04T37@2,15,-1,-1,-1,2
729,T40,T23,1,9,25,-1,-1,1,00T40@0,02T23@1,14,-1,-1,-1,1
696,T35,T22,1,1,17,1,-1,1,05T35@2,06T22@3,17,1,-1,-1,3
699,T35,T22,1,1,17,1,-1,1,05T35@2,07T22@3,17,1,-1,-1,3
454,OTHER,T22,1,2,10,0,-1,-1,SELLER,01T22@0,0,1,-1,-1,0
663,T35,T22,1,3,17,1,-1,1,05T35@2,06T22@3,17,1,-1,-1,3
737,T22,T35,1,1,36,-1,-1,1,03T22@1,05T35@2,17,-1,-1,-1,2
740,T22,T37,1,3,12,-1,-1,1,03T22@1,04T37@2,17,-1,-1,-1,2
741,T37,T22,1,2,17,-1,-1,1,04T37@2,07T22@3,17,-1,-1,-1,3
468,OTHER,T40,1,1,10,0,-1,-1,SELLER,00T40@0,0,1,-1,-1,0
731,T22,T37,1,3,12,-1,-1,1,03T22@1,04T37@2,17,-1,-1,-1,2
658,T35,T22,1,2,17,1,-1,1,05T35@2,07T22@3,17,1,-1,-1,3
145,OTHER,T22,1,2,10,0,-1,-1,SELLER,01T22@0,0,1,-1,-1,0
734,T40,T22,1,5,8,-1,-1,1,00T40@0,03T22@1,17,-1,-1,-1,1
672,T35,T22,1,3,17,1,-1,1,05T35@2,06T22@3,17,1,-1,-1,3
251,OTHER,T40,1,4,10,0,-1,-1,SELLER,00T40@0,0,1,-1,-1,0
481,OTHER,T22,1,3,10,0,-1,-1,SELLER,01T22@0,0,1,-1,-1,0
676,T35,T22,1,2,17,1,-1,1,05T35@2,06T22@3,17,1,-1,-1,3
469,OTHER,T22,1,4,10,0,-1,-1,SELLER,01T22@0,0,1,-1,-1,0
738,T40,T22,1,5,8,-1,-1,1,00T40@0,03T22@1,17,-1,-1,-1,1
688,T22,T35,2,1,36,1,-1,1,03T22@1,05T35@2,17,2,-1,-1,2
746,T22,T22,2,17,22,-1,-1,1,01T22@0,03T22@1,17,-1,-1,-1,1
103,OTHER,T40,2,3,10,0,-1,-1,SELLER,00T40@0,0,2,-1,-1,0
110,OTHER,T22,2,3,10,0,-1,-1,SELLER,01T22@0,0,2,-1,-1,0
301,OTHER,T40,2,1,10,0,-1,-1,SELLER,00T40@0,0,2,-1,-1,0
744,T22,T22,2,5,65,-1,-1,1,06T22@3,09T22@4,17,-1,-1,-1,4
733,T22,T22,2,5,65,-1,-1,1,07T22@3,09T22@4,17,-1,-1,-1,4
735,T22,T23,2,4,88,-1,-1,1,07T22@3,08T23@4,8,-1,-1,-1,4
739,T40,T23,2,10,25,-1,-1,1,00T40@0,02T23@1,14,-1,-1,-1,1
693,T40,T22,2,5,8,1,-1,1,00T40@0,03T22@1,17,2,-1,-1,1
660,T35,T22,2,2,18,1,-1,1,05T35@2,06T22@3,17,2,-1,-1,3
802,T40,T22,2,8,14,-1,-1,2,00T40@0,03T22@1,2,-1,-1,-1,1
258,OTHER,T22,2,2,10,0,-1,-1,SELLER,01T22@0,0,2,-1,-1,0
780,T22,T22,2,8,14,2,-1,2,01T22@0,03T22@1,2,2,-1,-1,1
430,OTHER,T40,2,2,10,0,-1,-1,SELLER,00T40@0,0,2,-1,-1,0
801,T23,T37,2,23,13,-1,-1,2,02T23@1,04T37@2,2,-1,-1,-1,2
803,T23,T37,2,33,14,-1,-1,2,02T23@1,04T37@2,2,-1,-1,-1,2
439,OTHER,T22,2,2,10,0,-1,-1,SELLER,01T22@0,0,2,-1,-1,0
416,OTHER,T40,2,3,10,0,-1,-1,SELLER,00T40@0,0,2,-1,-1,0
4,OTHER,T40,2,2,10,0,-1,-1,SELLER,00T40@0,0,2,-1,-1,0
655,T40,T22,2,5,7,1,-1,1,00T40@0,03T22@1,17,2,-1,-1,1
474,OTHER,T22,2,2,10,0,-1,-1,SELLER,01T22@0,0,2,-1,-1,0
742,T22,T22,3,5,65,-1,-1,1,07T22@3,09T22@4,17,-1,-1,-1,4
849,T23,T35,3,28,5,-1,-1,3,02T23@1,05T35@2,15,-1,-1,-1,2
846,T23,T35,3,28,1,-1,-1,3,02T23@1,05T35@2,10,-1,-1,-1,2
722,T40,T22,3,16,22,-1,-1,1,00T40@0,03T22@1,17,-1,-1,-1,1
703,T22,T35,3,1,36,1,-1,1,03T22@1,05T35@2,17,3,-1,-1,2
24,OTHER,T22,3,2,10,0,-1,-1,SELLER,01T22@0,0,3,-1,-1,0
724,T37,T22,3,2,18,-1,-1,1,04T37@2,06T22@3,17,-1,-1,-1,3
118,OTHER,T40,3,2,10,0,-1,-1,SELLER,00T40@0,0,3,-1,-1,0
842,T22,T23,3,5,40,3,-1,3,07T22@3,08T23@4,14,3,-1,-1,4
726,T40,T22,3,12,22,-1,-1,1,00T40@0,03T22@1,17,-1,-1,-1,1
347,OTHER,T22,3,4,10,0,-1,-1,SELLER,01T22@0,0,3,-1,-1,0
424,OTHER,T40,3,1,10,0,-1,-1,SELLER,00T40@0,0,3,-1,-1,0
303,OTHER,T40,3,5,10,0,-1,-1,SELLER,00T40@0,0,3,-1,-1,0
689,T23,T37,3,3,4,1,-1,1,02T23@1,04T37@2,13,3,-1,-1,2
852,T23,T37,3,3,3,-1,-1,3,02T23@1,04T37@2,12,-1,-1,-1,2
262,OTHER,T22,3,3,10,0,-1,-1,SELLER,01T22@0,0,3,-1,-1,0
758,T23,T37,3,5,3,2,-1,2,02T23@1,04T37@2,11,3,-1,-1,2
673,T35,T22,3,2,18,1,-1,1,05T35@2,07T22@3,17,3,-1,-1,3
134,OTHER,T22,3,2,10,0,-1,-1,SELLER,01T22@0,0,3,-1,-1,0
383,OTHER,T40,3,1,10,0,-1,-1,SELLER,00T40@0,0,3,-1,-1,0
680,T23,T37,3,5,5,1,-1,1,02T23@1,04T37@2,13,3,-1,-1,2
834,T35,T22,3,4,17,3,-1,3,05T35@2,06T22@3,17,3,-1,-1,3
406,OTHER,T22,4,1,10,0,-1,-1,SELLER,01T22@0,0,4,-1,-1,0
819,T35,T22,4,14,19,3,-1,3,05T35@2,07T22@3,17,4,-1,-1,3
747,T37,T22,4,3,18,-1,-1,1,04T37@2,06T22@3,17,-1,-1,-1,3
457,OTHER,T22,4,2,10,0,-1,-1,SELLER,01T22@0,0,4,-1,-1,0
720,T40,T23,4,11,26,-1,-1,1,00T40@0,02T23@1,14,-1,-1,-1,1
898,T40,T23,4,6,14,-1,-1,4,00T40@0,02T23@1,2,-1,-1,-1,1
297,OTHER,T40,4,3,10,0,-1,-1,SELLER,00T40@0,0,4,-1,-1,0
732,T22,T22,4,16,22,-1,-1,1,01T22@0,03T22@1,17,-1,-1,-1,1
725,T22,T23,4,13,26,-1,-1,1,01T22@0,02T23@1,14,-1,-1,-1,1
832,T23,T37,4,1,10,3,-1,3,02T23@1,04T37@2,2,4,-1,-1,2
793,T37,T22,4,5,52,2,-1,2,04T37@2,07T22@3,17,4,-1,-1,3
450,OTHER,T22,4,3,10,0,-1,-1,SELLER,01T22@0,0,4,-1,-1,0
749,T37,T22,4,3,18,-1,-1,1,04T37@2,07T22@3,17,-1,-1,-1,3
893,T40,T23,4,3,13,-1,-1,4,00T40@0,02T23@1,11,-1,-1,-1,1
486,OTHER,T40,4,3,10,0,-1,-1,SELLER,00T40@0,0,4,-1,-1,0
659,T22,T37,4,1,36,1,-1,1,03T22@1,04T37@2,17,4,-1,-1,2
745,T22,T23,4,3,78,-1,-1,1,06T22@3,08T23@4,15,-1,-1,-1,4
719,T37,T22,4,5,52,1,-1,1,04T37@2,06T22@3,17,4,-1,-1,3
896,T23,T35,4,29,1,-1,-1,4,02T23@1,05T35@2,10,-1,-1,-1,2
671,T35,T22,4,3,18,1,-1,1,05T35@2,07T22@3,17,4,-1,-1,3
202,OTHER,T40,4,2,10,0,-1,-1,SELLER,00T40@0,0,4,-1,-1,0
837,T40,T22,4,16,14,3,-1,3,00T40@0,03T22@1,2,4,-1,-1,1
754,T22,T23,4,7,28,-1,-1,1,01T22@0,02T23@1,9,-1,-1,-1,1
872,T35,T22,4,4,17,4,-1,4,05T35@2,07T22@3,17,4,-1,-1,3
342,OTHER,T22,4,3,10,0,-1,-1,SELLER,01T22@0,0,4,-1,-1,0
770,T23,T37,4,3,3,2,-1,2,02T23@1,04T37@2,14,4,-1,-1,2
750,T22,T22,4,5,65,-1,-1,1,06T22@3,09T22@4,17,-1,-1,-1,4
401,OTHER,T22,4,3,10,0,-1,-1,SELLER,01T22@0,0,4,-1,-1,0
697,T37,T22,4,5,50,1,-1,1,04T37@2,07T22@3,17,4,-1,-1,3
417,OTHER,T22,5,1,10,0,-1,-1,SELLER,01T22@0,0,5,-1,-1,0
794,T23,T37,5,1,12,2,-1,2,02T23@1,04T37@2,2,5,-1,-1,2
653,T23,T37,5,2,6,1,-1,1,02T23@1,04T37@2,15,5,-1,-1,2
669,T22,T37,5,5,13,1,-1,1,03T22@1,04T37@2,17,5,-1,-1,2
225,T22,OTHER,5,3,54,0,-1,-1,09T22@4,BUYER,0,5,-1,-1,5
32,T22,OTHER,5,1,54,0,-1,-1,09T22@4,BUYER,0,5,-1,-1,5
685,T22,T22,5,5,65,1,-1,1,07T22@3,09T22@4,17,5,-1,-1,4
170,OTHER,T22,5,2,10,0,-1,-1,SELLER,01T22@0,0,5,-1,-1,0
906,T22,T23,5,5,39,5,-1,5,06T22@3,08T23@4,13,5,-1,-1,4
900,T23,T35,5,3,3,5,-1,5,02T23@1,05T35@2,13,5,-1,-1,2
362,T22,OTHER,5,4,54,0,-1,-1,09T22@4,BUYER,0,5,-1,-1,5
330,T22,OTHER,5,2,54,0,-1,-1,09T22@4,BUYER,0,5,-1,-1,5
899,T23,T35,5,1,6,5,-1,5,02T23@1,05T35@2,15,5,-1,-1,2
229,OTHER,T40,5,3,10,0,-1,-1,SELLER,00T40@0,0,5,-1,-1,0
476,OTHER,T22,5,6,10,0,-1,-1,SELLER,01T22@0,0,5,-1,-1,0
360,OTHER,T40,5,2,10,0,-1,-1,SELLER,00T40@0,0,5,-1,-1,0
27,T23,OTHER,5,1,54,0,-1,-1,08T23@4,BUYER,0,5,-1,-1,5
860,T23,T35,5,3,2,4,-1,4,02T23@1,05T35@2,11,5,-1,-1,2
396,T23,OTHER,5,2,54,0,-1,-1,08T23@4,BUYER,0,5,-1,-1,5
666,T22,T22,5,17,22,1,-1,1,01T22@0,03T22@1,17,5,-1,-1,1
937,T22,T23,5,14,48,-1,-1,5,06T22@3,08T23@4,2,-1,-1,-1,4
268,OTHER,T40,5,3,10,0,-1,-1,SELLER,00T40@0,0,5,-1,-1,0
935,T37,T22,5,4,17,-1,-1,5,04T37@2,06T22@3,17,-1,-1,-1,3
186,T22,OTHER,5,1,54,0,-1,-1,09T22@4,BUYER,0,5,-1,-1,5
649,T22,T37,5,1,36,1,-1,1,03T22@1,04T37@2,17,5,-1,-1,2
923,T35,T22,5,3,17,5,-1,5,05T35@2,06T22@3,17,5,-1,-1,3
792,T35,T22,5,3,18,2,-1,2,05T35@2,07T22@3,17,5,-1,-1,3
753,T22,T23,5,16,28,-1,-1,1,01T22@0,02T23@1,9,-1,-1,-1,1
748,T22,T23,5,3,84,-1,-1,1,06T22@3,08T23@4,13,-1,-1,-1,4
851,T22,T23,5,6,78,-1,-1,3,07T22@3,08T23@4,15,-1,-1,-1,4
280,T22,OTHER,5,2,54,0,-1,-1,09T22@4,BUYER,0,5,-1,-1,5
345,T23,OTHER,5,4,54,0,-1,-1,08T23@4,BUYER,0,5,-1,-1,5
385,OTHER,T22,5,1,10,0,-1,-1,SELLER,01T22@0,0,5,-1,-1,0
848,T22,T22,5,9,65,-1,-1,3,07T22@3,09T22@4,17,-1,-1,-1,4
59,OTHER,T22,5,2,10,0,-1,-1,SELLER,01T22@0,0,5,-1,-1,0
245,OTHER,T22,6,2,10,0,-1,-1,SELLER,01T22@0,0,6,-1,-1,0
743,T22,T23,6,2,83,-1,-1,1,07T22@3,08T23@4,13,-1,-1,-1,4
277,T22,OTHER,6,1,54,0,-1,-1,09T22@4,BUYER,0,6,-1,-1,5
804,T37,T22,6,5,50,-1,-1,2,04T37@2,07T22@3,17,-1,-1,-1,3
177,OTHER,T22,6,4,10,0,-1,-1,SELLER,01T22@0,0,6,-1,-1,0
850,T37,T22,6,5,50,-1,-1,3,04T37@2,06T22@3,17,-1,-1,-1,3
182,OTHER,T40,6,2,10,0,-1,-1,SELLER,00T40@0,0,6,-1,-1,0
767,T35,T22,6,3,18,2,-1,2,05T35@2,06T22@3,17,6,-1,-1,3
195,OTHER,T40,6,3,10,0,-1,-1,SELLER,00T40@0,0,6,-1,-1,0
765,T22,T23,6,4,88,2,-1,2,06T22@3,08T23@4,11,6,-1,-1,4
833,T40,T22,6,17,14,3,-1,3,00T40@0,03T22@1,2,6,-1,-1,1
762,T35,T22,6,3,18,2,-1,2,05T35@2,07T22@3,17,6,-1,-1,3
779,T22,T22,6,5,65,2,-1,2,06T22@3,09T22@4,17,6,-1,-1,4
879,T22,T22,6,8,24,4,-1,4,07T22@3,09T22@4,17,6,-1,-1,4
117,OTHER,T40,6,3,10,0,-1,-1,SELLER,00T40@0,0,6,-1,-1,0
715,T22,T22,6,10,20,1,-1,1,01T22@0,03T22@1,17,6,-1,-1,1
386,T22,OTHER,6,4,54,0,-1,-1,09T22@4,BUYER,0,6,-1,-1,5
46,T23,OTHER,6,1,54,0,-1,-1,08T23@4,BUYER,0,6,-1,-1,5
657,T22,T22,6,5,67,1,-1,1,06T22@3,09T22@4,17,6,-1,-1,4
656,T40,T22,6,10,20,1,-1,1,00T40@0,03T22@1,17,6,-1,-1,1
88,OTHER,T40,6,2,10,0,-1,-1,SELLER,00T40@0,0,6,-1,-1,0
654,T22,T37,6,1,36,1,-1,1,03T22@1,04T37@2,17,6,-1,-1,2
651,T22,T35,6,1,36,1,-1,1,03T22@1,05T35@2,17,6,-1,-1,2
398,T22,OTHER,6,1,54,0,-1,-1,09T22@4,BUYER,0,6,-1,-1,5
962,T35,T22,6,5,17,6,-1,6,05T35@2,07T22@3,17,6,-1,-1,3
712,T40,T22,6,13,22,1,-1,1,00T40@0,03T22@1,17,6,-1,-1,1
412,T23,OTHER,6,3,54,0,-1,-1,08T23@4,BUYER,0,6,-1,-1,5
678,T37,T22,6,5,50,1,-1,1,04T37@2,07T22@3,17,6,-1,-1,3
25,T23,OTHER,6,1,54,0,-1,-1,08T23@4,BUYER,0,6,-1,-1,5
106,T22,OTHER,6,1,54,0,-1,-1,09T22@4,BUYER,0,6,-1,-1,5
687,T37,T22,6,5,52,1,-1,1,04T37@2,06T22@3,17,6,-1,-1,3
905,T22,T23,6,8,44,5,-1,5,06T22@3,08T23@4,6,6,-1,-1,4
484,OTHER,T40,6,2,10,0,-1,-1,SELLER,00T40@0,0,6,-1,-1,0
470,T23,OTHER,6,4,54,0,-1,-1,08T23@4,BUYER,0,6,-1,-1,5
441,T22,OTHER,6,4,54,0,-1,-1,09T22@4,BUYER,0,6,-1,-1,5
311,OTHER,T22,6,2,10,0,-1,-1,SELLER,01T22@0,0,6,-1,-1,0
736,T22,T23,6,3,86,-1,-1,1,06T22@3,08T23@4,10,-1,-1,-1,4
891,T22,T23,6,23,65,-1,-1,4,07T22@3,08T23@4,2,-1,-1,-1,4
781,T37,T22,7,5,50,2,-1,2,04T37@2,07T22@3,17,7,-1,-1,3
2,OTHER,T22,7,2,10,0,-1,-1,SELLER,01T22@0,0,7,-1,-1,0
824,T22,T22,7,11,44,3,-1,3,07T22@3,09T22@4,2,7,-1,-1,4
763,T22,T23,7,7,83,2,-1,2,07T22@3,08T23@4,13,7,-1,-1,4
820,T22,T23,7,10,26,3,-1,3,01T22@0,02T23@1,13,7,-1,-1,1
459,OTHER,T22,7,3,10,0,-1,-1,SELLER,01T22@0,0,7,-1,-1,0
240,T23,OTHER,7,4,54,0,-1,-1,08T23@4,BUYER,0,7,-1,-1,5
222,OTHER,T22,7,5,10,0,-1,-1,SELLER,01T22@0,0,7,-1,-1,0
809,T22,T22,7,11,44,3,-1,3,07T22@3,09T22@4,2,7,-1,-1,4
768,T40,T23,7,16,28,2,-1,2,00T40@0,02T23@1,9,7,-1,-1,1
9,OTHER,T40,7,3,10,0,-1,-1,SELLER,00T40@0,0,7,-1,-1,0
775,T35,T22,7,30,34,2,-1,2,05T35@2,07T22@3,2,7,-1,-1,3
491,T22,OTHER,7,1,54,0,-1,-1,09T22@4,BUYER,0,7,-1,-1,5
494,T23,OTHER,7,1,54,0,-1,-1,08T23@4,BUYER,0,7,-1,-1,5
810,T23,T35,7,30,3,3,-1,3,02T23@1,05T35@2,11,7,-1,-1,2
885,T22,T35,7,38,37,4,-1,4,03T22@1,05T35@2,17,7,-1,-1,2
71,T23,OTHER,7,2,54,0,-1,-1,08T23@4,BUYER,0,7,-1,-1,5
711,T40,T23,7,6,28,1,-1,1,00T40@0,02T23@1,11,7,-1,-1,1
104,OTHER,T40,7,3,10,0,-1,-1,SELLER,00T40@0,0,7,-1,-1,0
862,T23,T37,7,5,1,4,-1,4,02T23@1,04T37@2,7,7,-1,-1,2
331,T22,OTHER,7,2,54,0,-1,-1,09T22@4,BUYER,0,7,-1,-1,5
128,OTHER,T22,7,2,10,0,-1,-1,SELLER,01T22@0,0,7,-1,-1,0
131,T22,OTHER,7,5,54,0,-1,-1,09T22@4,BUYER,0,7,-1,-1,5
710,T40,T23,7,13,28,1,-1,1,00T40@0,02T23@1,9,7,-1,-1,1
908,T40,T23,7,8,26,5,-1,5,00T40@0,02T23@1,2,7,-1,-1,1
705,T22,T37,7,1,36,1,-1,1,03T22@1,04T37@2,17,7,-1,-1,2
981,T35,T22,7,3,17,7,-1,7,05T35@2,07T22@3,17,7,-1,-1,3
946,T23,T35,7,9,1,6,-1,6,02T23@1,05T35@2,8,7,-1,-1,2
701,T22,T22,7,5,65,1,-1,1,07T22@3,09T22@4,17,7,-1,-1,4
994,T35,T22,7,3,17,7,-1,7,05T35@2,07T22@3,17,7,-1,-1,3
1006,T22,T23,7,6,62,-1,-1,7,06T22@3,08T23@4,2,-1,-1,-1,4
692,T22,T22,7,14,20,1,-1,1,01T22@0,03T22@1,17,7,-1,-1,1
291,OTHER,T40,7,2,10,0,-1,-1,SELLER,00T40@0,0,7,-1,-1,0
756,T40,T23,7,12,27,2,-1,2,00T40@0,02T23@1,14,7,-1,-1,1
288,T23,OTHER,7,2,54,0,-1,-1,08T23@4,BUYER,0,7,-1,-1,5
880,T35,T22,7,35,34,4,-1,4,05T35@2,06T22@3,2,7,-1,-1,3
698,T22,T22,7,5,67,1,-1,1,07T22@3,09T22@4,17,7,-1,-1,4
307,T23,OTHER,7,3,54,0,-1,-1,08T23@4,BUYER,0,7,-1,-1,5
290,T22,OTHER,8,2,54,0,-1,-1,09T22@4,BUYER,0,8,-1,-1,5
289,T23,OTHER,8,1,54,0,-1,-1,08T23@4,BUYER,0,8,-1,-1,5
482,OTHER,T40,8,1,10,0,-1,-1,SELLER,00T40@0,0,8,-1,-1,0
259,T22,OTHER,8,6,54,0,-1,-1,09T22@4,BUYER,0,8,-1,-1,5
716,T22,T23,8,5,74,1,-1,1,06T22@3,08T23@4,16,8,-1,-1,4
713,T22,T23,8,9,25,1,-1,1,01T22@0,02T23@1,14,8,-1,-1,1
686,T22,T23,8,2,86,1,-1,1,06T22@3,08T23@4,11,8,-1,-1,4
270,OTHER,T40,8,3,10,0,-1,-1,SELLER,00T40@0,0,8,-1,-1,0
709,T22,T22,8,5,67,1,-1,1,06T22@3,09T22@4,17,8,-1,-1,4
759,T22,T23,8,13,27,2,-1,2,01T22@0,02T23@1,12,8,-1,-1,1
664,T37,T22,8,5,50,1,-1,1,04T37@2,06T22@3,17,8,-1,-1,3
667,T22,T37,8,1,36,1,-1,1,03T22@1,04T37@2,17,8,-1,-1,2
365,OTHER,T22,8,2,10,0,-1,-1,SELLER,01T22@0,0,8,-1,-1,0
730,T22,T23,8,2,88,-1,-1,1,07T22@3,08T23@4,11,-1,-1,-1,4
783,T37,T22,8,5,50,2,-1,2,04T37@2,07T22@3,17,8,-1,-1,3
0,OTHER,T22,8,5,10,0,-1,-1,SELLER,01T22@0,0,8,-1,-1,0
98,T23,OTHER,8,1,54,0,-1,-1,08T23@4,BUYER,0,8,-1,-1,5
839,T22,T22,8,9,65,3,-1,3,07T22@3,09T22@4,17,8,-1,-1,4
952,T40,T23,8,10,20,6,-1,6,00T40@0,02T23@1,2,8,-1,-1,1
101,T23,OTHER,8,4,54,0,-1,-1,08T23@4,BUYER,0,8,-1,-1,5
936,T37,T22,8,6,50,-1,-1,5,04T37@2,07T22@3,17,-1,-1,-1,3
932,T37,T22,8,5,34,-1,-1,5,04T37@2,07T22@3,7,-1,-1,-1,3
925,T22,T22,8,10,44,5,-1,5,06T22@3,09T22@4,2,8,-1,-1,4
853,T37,T22,8,6,50,-1,-1,3,04T37@2,07T22@3,17,-1,-1,-1,3
138,OTHER,T40,8,2,10,0,-1,-1,SELLER,00T40@0,0,8,-1,-1,0
897,T22,T23,8,14,25,-1,-1,4,01T22@0,02T23@1,14,-1,-1,-1,1
895,T22,T22,8,45,44,-1,-1,4,06T22@3,09T22@4,2,-1,-1,-1,4
864,T35,T22,8,30,34,4,-1,4,05T35@2,06T22@3,2,8,-1,-1,3
892,T37,T22,8,6,50,-1,-1,4,04T37@2,07T22@3,17,-1,-1,-1,3
871,T40,T23,8,12,28,4,-1,4,00T40@0,02T23@1,9,8,-1,-1,1
165,OTHER,T22,8,3,10,0,-1,-1,SELLER,01T22@0,0,8,-1,-1,0
153,OTHER,T40,8,3,10,0,-1,-1,SELLER,00T40@0,0,8,-1,-1,0
29,T23,OTHER,8,3,54,0,-1,-1,08T23@4,BUYER,0,8,-1,-1,5
11,OTHER,T22,8,1,10,0,-1,-1,SELLER,01T22@0,0,8,-1,-1,0
875,T23,T35,8,37,9,4,-1,4,02T23@1,05T35@2,15,8,-1,-1,2
791,T40,T22,8,17,20,2,-1,2,00T40@0,03T22@1,17,8,-1,-1,1
823,T22,T35,8,17,35,3,-1,3,03T22@1,05T35@2,17,8,-1,-1,2
230,T23,OTHER,8,3,54,0,-1,-1,08T23@4,BUYER,0,8,-1,-1,5
1005,T22,T23,8,88,26,-1,-1,7,01T22@0,02T23@1,2,-1,-1,-1,1
1044,T22,T23,8,7,27,-1,-1,8,01T22@0,02T23@1,2,-1,-1,-1,1
1043,T23,T37,8,1,4,-1,-1,8,02T23@1,04T37@2,2,-1,-1,-1,2
1040,T22,T23,8,2,77,-1,-1,8,06T22@3,08T23@4,2,-1,-1,-1,4
78,T23,OTHER,9,2,54,0,-1,-1,08T23@4,BUYER,0,9,-1,-1,5
41,OTHER,T22,9,4,10,0,-1,-1,SELLER,01T22@0,0,9,-1,-1,0
890,T35,T22,9,30,34,4,-1,4,05T35@2,06T22@3,2,9,-1,-1,3
665,T22,T23,9,10,43,1,-1,1,07T22@3,08T23@4,3,9,-1,-1,4
894,T22,T23,9,13,25,-1,-1,4,01T22@0,02T23@1,14,-1,-1,-1,1
58,OTHER,T40,9,2,10,0,-1,-1,SELLER,00T40@0,0,9,-1,-1,0
675,T22,T35,9,1,36,1,-1,1,03T22@1,05T35@2,17,9,-1,-1,2
910,T23,T37,9,5,8,5,-1,5,02T23@1,04T37@2,2,9,-1,-1,2
914,T35,T22,9,3,18,5,-1,5,05T35@2,06T22@3,17,9,-1,-1,3
1029,T22,T22,9,8,24,8,-1,8,07T22@3,09T22@4,17,9,-1,-1,4
929,T22,T22,9,8,44,5,-1,5,06T22@3,09T22@4,2,9,-1,-1,4
489,T23,OTHER,9,1,54,0,-1,-1,08T23@4,BUYER,0,9,-1,-1,5
681,T40,T23,9,11,28,1,-1,1,00T40@0,02T23@1,9,9,-1,-1,1
490,T23,OTHER,9,4,54,0,-1,-1,08T23@4,BUYER,0,9,-1,-1,5
691,T37,T22,9,5,50,1,-1,1,04T37@2,06T22@3,17,9,-1,-1,3
501,OTHER,T40,9,2,10,0,-1,-1,SELLER,00T40@0,0,9,-1,-1,0
615,T22,OTHER,9,2,54,-1,-1,-1,09T22@4,BUYER,0,-1,-1,-1,5
883,T40,T22,9,13,22,4,-1,4,00T40@0,03T22@1,17,9,-1,-1,1
346,T23,OTHER,9,1,54,0,-1,-1,08T23@4,BUYER,0,9,-1,-1,5
704,T22,T23,9,5,84,1,-1,1,07T22@3,08T23@4,12,9,-1,-1,4
983,T23,T37,9,2,18,7,-1,7,02T23@1,04T37@2,2,9,-1,-1,2
407,OTHER,T22,9,2,10,0,-1,-1,SELLER,01T22@0,0,9,-1,-1,0
81,T22,OTHER,9,4,54,0,-1,-1,09T22@4,BUYER,0,9,-1,-1,5
933,T37,T22,9,6,34,-1,-1,5,04T37@2,06T22@3,6,-1,-1,-1,3
390,T23,OTHER,9,2,54,0,-1,-1,08T23@4,BUYER,0,9,-1,-1,5
190,T22,OTHER,9,1,54,0,-1,-1,09T22@4,BUYER,0,9,-1,-1,5
13,OTHER,T40,9,4,10,0,-1,-1,SELLER,00T40@0,0,9,-1,-1,0
773,T37,T22,9,5,50,2,-1,2,04T37@2,06T22@3,17,9,-1,-1,3
873,T23,T37,9,13,24,4,-1,4,02T23@1,04T37@2,2,9,-1,-1,2
847,T37,T22,9,6,52,-1,-1,3,04T37@2,06T22@3,17,-1,-1,-1,3
173,OTHER,T40,9,1,10,0,-1,-1,SELLER,00T40@0,0,9,-1,-1,0
799,T22,T23,9,5,84,2,-1,2,07T22@3,08T23@4,12,9,-1,-1,4
435,T23,OTHER,9,3,54,0,-1,-1,08T23@4,BUYER,0,9,-1,-1,5
869,T22,T22,9,17,20,4,-1,4,01T22@0,03T22@1,17,9,-1,-1,1
167,OTHER,T22,9,1,10,0,-1,-1,SELLER,01T22@0,0,9,-1,-1,0
438,OTHER,T22,9,2,10,0,-1,-1,SELLER,01T22@0,0,9,-1,-1,0
841,T22,T23,9,17,27,3,-1,3,01T22@0,02T23@1,11,9,-1,-1,1
162,OTHER,T22,9,2,10,0,-1,-1,SELLER,01T22@0,0,9,-1,-1,0
814,T35,T22,9,25,34,3,-1,3,05T35@2,07T22@3,2,9,-1,-1,3
808,T22,T23,9,2,86,3,-1,3,06T22@3,08T23@4,12,9,-1,-1,4
778,T37,T22,10,6,50,2,-1,2,04T37@2,07T22@3,17,10,-1,-1,3
373,T23,OTHER,10,2,54,0,-1,-1,08T23@4,BUYER,0,10,-1,-1,5
321,T22,OTHER,10,5,54,0,-1,-1,09T22@4,BUYER,0,10,-1,-1,5
371,OTHER,T22,10,3,10,0,-1,-1,SELLER,01T22@0,0,10,-1,-1,0
471,OTHER,T40,10,3,10,0,-1,-1,SELLER,00T40@0,0,10,-1,-1,0
971,T22,T22,10,47,44,-1,-1,6,07T22@3,09T22@4,2,-1,-1,-1,4
806,T22,T23,10,8,82,3,-1,3,07T22@3,08T23@4,13,10,-1,-1,4
1059,T23,T37,10,2,9,9,-1,9,02T23@1,04T37@2,2,10,-1,-1,2
973,T22,T22,10,2,23,7,-1,7,07T22@3,09T22@4,17,10,-1,-1,4
682,T22,T35,10,1,36,1,-1,1,03T22@1,05T35@2,17,10,-1,-1,2
831,T35,T22,10,30,34,3,-1,3,05T35@2,07T22@3,2,10,-1,-1,3
683,T22,T23,10,7,26,1,-1,1,01T22@0,02T23@1,15,10,-1,-1,1
70,T23,OTHER,10,2,54,0,-1,-1,08T23@4,BUYER,0,10,-1,-1,5
764,T35,T22,10,30,34,2,-1,2,05T35@2,06T22@3,2,10,-1,-1,3
955,T23,T37,10,11,21,6,-1,6,02T23@1,04T37@2,2,10,-1,-1,2
1072,T22,T23,10,34,18,-1,-1,9,01T22@0,02T23@1,2,-1,-1,-1,1
816,T23,T37,10,10,2,3,-1,3,02T23@1,04T37@2,2,10,-1,-1,2
378,OTHER,T40,10,5,10,0,-1,-1,SELLER,00T40@0,0,10,-1,-1,0
139,OTHER,T22,10,4,10,0,-1,-1,SELLER,01T22@0,0,10,-1,-1,0
299,OTHER,T40,10,1,10,0,-1,-1,SELLER,00T40@0,0,10,-1,-1,0
300,T23,OTHER,10,2,54,0,-1,-1,08T23@4,BUYER,0,10,-1,-1,5
1087,T35,T22,10,5,17,10,-1,10,05T35@2,06T22@3,17,10,-1,-1,3
695,T22,T23,10,2,88,1,-1,1,07T22@3,08T23@4,8,10,-1,-1,4
661,T22,T22,10,5,67,1,-1,1,06T22@3,09T22@4,17,10,-1,-1,4
917,T22,T22,10,11,65,5,-1,5,06T22@3,09T22@4,17,10,-1,-1,4
1115,T37,T22,10,3,17,-1,-1,10,04T37@2,06T22@3,17,-1,-1,-1,3
1097,T35,T22,10,3,17,10,-1,10,05T35@2,07T22@3,17,10,-1,-1,3
928,T22,T23,10,11,83,5,-1,5,06T22@3,08T23@4,12,10,-1,-1,4
308,T23,OTHER,10,4,54,0,-1,-1,08T23@4,BUYER,0,10,-1,-1,5
269,OTHER,T22,10,2,10,0,-1,-1,SELLER,01T22@0,0,10,-1,-1,0
480,T23,OTHER,10,5,54,0,-1,-1,08T23@4,BUYER,0,10,-1,-1,5
312,OTHER,T40,10,1,10,0,-1,-1,SELLER,00T40@0,0,10,-1,-1,0
1113,T22,T22,10,9,14,-1,-1,10,01T22@0,03T22@1,2,-1,-1,-1,1
191,OTHER,T22,10,1,10,0,-1,-1,SELLER,01T22@0,0,10,-1,-1,0
1106,T35,T22,10,5,17,10,-1,10,05T35@2,06T22@3,17,10,-1,-1,3
889,T22,T22,10,18,14,4,-1,4,01T22@0,03T22@1,8,10,-1,-1,1
1011,T22,T23,11,8,43,8,-1,8,07T22@3,08T23@4,8,11,-1,-1,4
1012,T22,T23,11,8,43,8,-1,8,06T22@3,08T23@4,9,11,-1,-1,4
1104,T23,T37,11,3,1,10,-1,10,02T23@1,04T37@2,8,11,-1,-1,2
393,OTHER,T22,11,2,10,0,-1,-1,SELLER,01T22@0,0,11,-1,-1,0
233,OTHER,T22,11,1,10,0,-1,-1,SELLER,01T22@0,0,11,-1,-1,0
807,T22,T23,11,13,28,3,-1,3,01T22@0,02T23@1,9,11,-1,-1,1
1078,T22,T23,11,4,61,-1,-1,9,07T22@3,08T23@4,2,-1,-1,-1,4
677,T22,T23,11,17,27,1,-1,1,01T22@0,02T23@1,11,11,-1,-1,1
1075,T22,T23,11,37,24,-1,-1,9,01T22@0,02T23@1,2,-1,-1,-1,1
67,T23,OTHER,11,1,54,0,-1,-1,08T23@4,BUYER,0,11,-1,-1,5
5,OTHER,T22,11,6,10,0,-1,-1,SELLER,01T22@0,0,11,-1,-1,0
1157,T37,T22,11,1,17,-1,-1,11,04T37@2,06T22@3,17,-1,-1,-1,3
197,OTHER,T40,11,2,10,0,-1,-1,SELLER,00T40@0,0,11,-1,-1,0
20,T23,OTHER,11,4,54,0,-1,-1,08T23@4,BUYER,0,11,-1,-1,5
281,OTHER,T22,11,1,10,0,-1,-1,SELLER,01T22@0,0,11,-1,-1,0
857,T23,T37,11,28,11,4,-1,4,02T23@1,04T37@2,2,11,-1,-1,2
913,T40,T23,11,14,27,5,-1,5,00T40@0,02T23@1,12,11,-1,-1,1
16,T22,OTHER,11,4,54,0,-1,-1,09T22@4,BUYER,0,11,-1,-1,5
924,T22,T35,11,35,37,5,-1,5,03T22@1,05T35@2,17,11,-1,-1,2
934,T22,T22,11,40,44,-1,-1,5,07T22@3,09T22@4,2,-1,-1,-1,4
1156,T22,T23,11,1,27,-1,-1,11,06T22@3,08T23@4,16,-1,-1,-1,4
1155,T37,T22,11,1,17,-1,-1,11,04T37@2,07T22@3,17,-1,-1,-1,3
319,T23,OTHER,11,4,54,0,-1,-1,08T23@4,BUYER,0,11,-1,-1,5
942,T35,T22,11,12,34,6,-1,6,05T35@2,07T22@3,2,11,-1,-1,3
1007,T22,T22,11,9,65,-1,-1,7,07T22@3,09T22@4,17,-1,-1,-1,4
99,OTHER,T40,11,3,10,0,-1,-1,SELLER,00T40@0,0,11,-1,-1,0
958,T23,T37,11,1,8,6,-1,6,02T23@1,04T37@2,2,11,-1,-1,2
542,T22,OTHER,11,2,54,-1,-1,-1,09T22@4,BUYER,0,-1,-1,-1,5
836,T22,T22,11,13,20,3,-1,3,01T22@0,03T22@1,17,11,-1,-1,1
817,T35,T22,11,5,18,3,-1,3,05T35@2,06T22@3,17,11,-1,-1,3
965,T22,T23,11,12,25,6,-1,6,01T22@0,02T23@1,15,11,-1,-1,1
1001,T22,T23,11,1,86,7,-1,7,07T22@3,08T23@4,11,11,-1,-1,4
516,T22,OTHER,11,2,54,-1,-1,-1,09T22@4,BUYER,0,-1,-1,-1,5
587,T22,OTHER,11,3,54,-1,-1,-1,09T22@4,BUYER,0,-1,-1,-1,5
968,T40,T23,11,14,27,6,-1,6,00T40@0,02T23@1,12,11,-1,-1,1
790,T22,T23,11,17,27,2,-1,2,01T22@0,02T23@1,11,11,-1,-1,1
94,OTHER,T40,11,5,10,0,-1,-1,SELLER,00T40@0,0,11,-1,-1,0
1131,T35,T22,11,3,17,11,-1,11,05T35@2,07T22@3,17,11,-1,-1,3
761,T35,T22,11,30,34,2,-1,2,05T35@2,06T22@3,2,11,-1,-1,3
1161,T22,T23,12,69,19,-1,-1,11,01T22@0,02T23@1,2,-1,-1,-1,1
21,T22,OTHER,12,1,54,0,-1,-1,09T22@4,BUYER,0,12,-1,-1,5
1163,T35,T22,12,3,17,12,-1,12,05T35@2,06T22@3,17,12,-1,-1,3
38,T23,OTHER,12,3,54,0,-1,-1,08T23@4,BUYER,0,12,-1,-1,5
36,T23,OTHER,12,2,54,0,-1,-1,08T23@4,BUYER,0,12,-1,-1,5
1116,T22,T23,12,8,43,-1,-1,10,07T22@3,08T23@4,9,-1,-1,-1,4
1200,T40,T23,12,21,23,-1,-1,12,00T40@0,02T23@1,2,-1,-1,-1,1
39,OTHER,T22,12,3,10,0,-1,-1,SELLER,01T22@0,0,12,-1,-1,0
1151,T23,T35,12,10,4,11,-1,11,02T23@1,05T35@2,16,12,-1,-1,2
1117,T22,T22,12,11,44,-1,-1,10,06T22@3,09T22@4,6,-1,-1,-1,4
442,T22,OTHER,12,3,54,0,-1,-1,09T22@4,BUYER,0,12,-1,-1,5
1118,T22,T23,12,5,66,-1,-1,10,06T22@3,08T23@4,2,-1,-1,-1,4
622,T22,OTHER,12,3,54,-1,-1,-1,09T22@4,BUYER,0,-1,-1,-1,5
788,T22,T37,12,38,35,2,-1,2,03T22@1,04T37@2,17,12,-1,-1,2
940,T40,T23,12,5,24,6,-1,6,00T40@0,02T23@1,16,12,-1,-1,1
317,OTHER,T40,12,1,10,0,-1,-1,SELLER,00T40@0,0,12,-1,-1,0
116,OTHER,T40,12,2,10,0,-1,-1,SELLER,00T40@0,0,12,-1,-1,0
931,T35,T22,12,4,18,5,-1,5,05T35@2,06T22@3,17,12,-1,-1,3
295,T22,OTHER,12,2,54,0,-1,-1,09T22@4,BUYER,0,12,-1,-1,5
887,T35,T22,12,25,34,4,-1,4,05T35@2,06T22@3,2,12,-1,-1,3
276,OTHER,T40,12,3,10,0,-1,-1,SELLER,00T40@0,0,12,-1,-1,0
855,T35,T22,12,6,34,4,-1,4,05T35@2,07T22@3,5,12,-1,-1,3
941,T35,T22,12,30,34,6,-1,6,05T35@2,07T22@3,2,12,-1,-1,3
854,T22,T23,12,8,43,4,-1,4,07T22@3,08T23@4,8,12,-1,-1,4
194,T23,OTHER,12,3,54,0,-1,-1,08T23@4,BUYER,0,12,-1,-1,5
840,T40,T23,12,13,28,3,-1,3,00T40@0,02T23@1,6,12,-1,-1,1
757,T22,T22,12,9,67,2,-1,2,06T22@3,09T22@4,17,12,-1,-1,4
256,OTHER,T22,12,1,10,0,-1,-1,SELLER,01T22@0,0,12,-1,-1,0
827,T22,T35,12,38,35,3,-1,3,03T22@1,05T35@2,17,12,-1,-1,2
800,T22,T23,12,7,84,2,-1,2,06T22@3,08T23@4,12,12,-1,-1,4
795,T22,T22,12,9,67,2,-1,2,07T22@3,09T22@4,17,12,-1,-1,4
845,T22,T22,12,12,44,3,-1,3,06T22@3,09T22@4,6,12,-1,-1,4
979,T22,T23,12,12,25,7,-1,7,01T22@0,02T23@1,15,12,-1,-1,1
448,T23,OTHER,12,3,54,0,-1,-1,08T23@4,BUYER,0,12,-1,-1,5
1008,T22,T23,12,10,86,-1,-1,7,07T22@3,08T23@4,11,-1,-1,-1,4
982,T22,T35,12,17,35,7,-1,7,03T22@1,05T35@2,17,12,-1,-1,2
350,OTHER,T22,12,2,10,0,-1,-1,SELLER,01T22@0,0,12,-1,-1,0
1082,T22,T22,12,5,8,10,-1,10,01T22@0,03T22@1,17,12,-1,-1,1
55,OTHER,T22,12,4,10,0,-1,-1,SELLER,01T22@0,0,12,-1,-1,0
61,OTHER,T40,12,3,10,0,-1,-1,SELLER,00T40@0,0,12,-1,-1,0
338,OTHER,T22,12,1,10,0,-1,-1,SELLER,01T22@0,0,12,-1,-1,0
999,T35,T22,12,4,18,7,-1,7,05T35@2,07T22@3,17,12,-1,-1,3
1034,T22,T23,13,2,87,8,-1,8,07T22@3,08T23@4,10,13,-1,-1,4
1203,T22,T23,13,18,25,-1,-1,12,01T22@0,02T23@1,2,-1,-1,-1,1
828,T35,T22,13,38,34,3,-1,3,05T35@2,07T22@3,2,13,-1,-1,3
1048,T37,T22,13,5,52,9,-1,9,04T37@2,07T22@3,17,13,-1,-1,3
1233,T35,T22,13,3,17,13,-1,13,05T35@2,07T22@3,17,13,-1,-1,3
1242,T22,T23,13,4,39,-1,-1,13,07T22@3,08T23@4,12,-1,-1,-1,4
1243,T22,T23,13,1,85,-1,-1,13,07T22@3,08T23@4,2,-1,-1,-1,4
1244,T23,T37,13,15,17,-1,-1,13,02T23@1,04T37@2,2,-1,-1,-1,2
1249,T22,T23,13,6,60,-1,-1,13,06T22@3,08T23@4,2,-1,-1,-1,4
1204,T22,T23,13,3,42,13,-1,13,06T22@3,08T23@4,11,13,-1,-1,4
1016,T22,T23,13,13,25,8,-1,8,01T22@0,02T23@1,15,13,-1,-1,1
1149,T40,T22,13,5,7,11,-1,11,00T40@0,03T22@1,17,13,-1,-1,1
1014,T35,T22,13,4,18,8,-1,8,05T35@2,06T22@3,17,13,-1,-1,3
1123,T23,T37,13,2,8,11,-1,11,02T23@1,04T37@2,15,13,-1,-1,2
603,T22,OTHER,13,1,54,-1,-1,-1,09T22@4,BUYER,0,-1,-1,-1,5
886,T40,T23,13,6,28,4,-1,4,00T40@0,02T23@1,12,13,-1,-1,1
599,T22,OTHER,13,1,54,-1,-1,-1,09T22@4,BUYER,0,-1,-1,-1,5
1124,T35,T22,13,5,34,11,-1,11,05T35@2,06T22@3,7,13,-1,-1,3
988,T35,T22,13,13,34,7,-1,7,05T35@2,06T22@3,2,13,-1,-1,3
586,T22,OTHER,13,2,54,-1,-1,-1,09T22@4,BUYER,0,-1,-1,-1,5
1090,T37,T22,13,5,52,10,-1,10,04T37@2,07T22@3,17,13,-1,-1,3
545,T22,OTHER,13,4,54,-1,-1,-1,09T22@4,BUYER,0,-1,-1,-1,5
1154,T37,T22,13,5,52,-1,-1,11,04T37@2,07T22@3,17,-1,-1,-1,3
951,T22,T23,13,1,80,6,-1,6,06T22@3,08T23@4,15,13,-1,-1,4
512,T22,OTHER,13,3,54,-1,-1,-1,09T22@4,BUYER,0,-1,-1,-1,5
967,T37,T22,13,5,52,6,-1,6,04T37@2,06T22@3,17,13,-1,-1,3
1202,T22,T23,13,16,44,-1,-1,12,06T22@3,08T23@4,2,-1,-1,-1,4
1088,T23,T37,13,5,13,10,-1,10,02T23@1,04T37@2,17,13,-1,-1,2
1009,T37,T22,13,37,53,8,-1,8,04T37@2,06T22@3,17,13,-1,-1,3
329,OTHER,T22,13,2,10,0,-1,-1,SELLER,01T22@0,0,13,-1,-1,0
332,T22,OTHER,13,2,54,0,-1,-1,09T22@4,BUYER,0,13,-1,-1,5
12,T22,OTHER,13,3,54,0,-1,-1,09T22@4,BUYER,0,13,-1,-1,5
120,OTHER,T22,13,2,10,0,-1,-1,SELLER,01T22@0,0,13,-1,-1,0
75,T23,OTHER,13,3,54,0,-1,-1,08T23@4,BUYER,0,13,-1,-1,5
137,T23,OTHER,13,1,54,0,-1,-1,08T23@4,BUYER,0,13,-1,-1,5
217,OTHER,T22,13,2,10,0,-1,-1,SELLER,01T22@0,0,13,-1,-1,0
266,OTHER,T40,13,5,10,0,-1,-1,SELLER,00T40@0,0,13,-1,-1,0
271,OTHER,T40,13,2,10,0,-1,-1,SELLER,00T40@0,0,13,-1,-1,0
420,OTHER,T40,13,3,10,0,-1,-1,SELLER,00T40@0,0,13,-1,-1,0
446,OTHER,T22,13,4,10,0,-1,-1,SELLER,01T22@0,0,13,-1,-1,0
1026,T22,T22,14,5,65,8,-1,8,07T22@3,09T22@4,17,14,-1,-1,4
974,T40,T23,14,3,28,7,-1,7,00T40@0,02T23@1,12,14,-1,-1,1
84,T23,OTHER,14,3,54,0,-1,-1,08T23@4,BUYER,0,14,-1,-1,5
1077,T22,T22,14,8,21,-1,-1,9,07T22@3,09T22@4,17,-1,-1,-1,4
483,OTHER,T40,14,5,10,0,-1,-1,SELLER,00T40@0,0,14,-1,-1,0
339,OTHER,T22,14,1,10,0,-1,-1,SELLER,01T22@0,0,14,-1,-1,0
993,T37,T22,14,5,50,7,-1,7,04T37@2,07T22@3,17,14,-1,-1,3
995,T40,T22,14,14,20,7,-1,7,00T40@0,03T22@1,17,14,-1,-1,1
54,OTHER,T22,14,5,10,0,-1,-1,SELLER,01T22@0,0,14,-1,-1,0
305,T23,OTHER,14,1,54,0,-1,-1,08T23@4,BUYER,0,14,-1,-1,5
1055,T22,T37,14,1,36,9,-1,9,03T22@1,04T37@2,17,14,-1,-1,2
1017,T40,T23,14,14,23,8,-1,8,00T40@0,02T23@1,17,14,-1,-1,1
243,T22,OTHER,14,4,54,0,-1,-1,09T22@4,BUYER,0,14,-1,-1,5
1018,T37,T22,14,5,52,8,-1,8,04T37@2,06T22@3,17,14,-1,-1,3
1041,T37,T22,14,5,50,-1,-1,8,04T37@2,07T22@3,17,-1,-1,-1,3
1035,T22,T22,14,5,65,8,-1,8,06T22@3,09T22@4,17,14,-1,-1,4
1144,T22,T23,14,7,83,11,-1,11,07T22@3,08T23@4,12,14,-1,-1,4
449,OTHER,T40,14,2,10,0,-1,-1,SELLER,00T40@0,0,14,-1,-1,0
876,T22,T35,14,19,37,4,-1,4,03T22@1,05T35@2,17,14,-1,-1,2
1252,T22,T23,14,2,43,14,-1,14,06T22@3,08T23@4,12,14,-1,-1,4
180,OTHER,T40,14,1,10,0,-1,-1,SELLER,00T40@0,0,14,-1,-1,0
858,T22,T22,14,9,67,4,-1,4,06T22@3,09T22@4,17,14,-1,-1,4
863,T22,T22,14,16,20,4,-1,4,01T22@0,03T22@1,17,14,-1,-1,1
865,T22,T23,14,4,86,4,-1,4,06T22@3,08T23@4,12,14,-1,-1,4
208,T23,OTHER,14,1,54,0,-1,-1,08T23@4,BUYER,0,14,-1,-1,5
1246,T40,T23,14,70,20,-1,-1,13,00T40@0,02T23@1,2,-1,-1,-1,1
211,OTHER,T22,14,3,10,0,-1,-1,SELLER,01T22@0,0,14,-1,-1,0
213,OTHER,T22,14,3,10,0,-1,-1,SELLER,01T22@0,0,14,-1,-1,0
608,T22,OTHER,14,2,54,-1,-1,-1,09T22@4,BUYER,0,-1,-1,-1,5
609,T22,OTHER,14,3,54,-1,-1,-1,09T22@4,BUYER,0,-1,-1,-1,5
978,T37,T22,14,5,52,7,-1,7,04T37@2,06T22@3,17,14,-1,-1,3
467,T22,OTHER,14,1,54,0,-1,-1,09T22@4,BUYER,0,14,-1,-1,5
918,T22,T23,14,5,87,5,-1,5,07T22@3,08T23@4,8,14,-1,-1,4
1162,T23,T37,14,68,20,-1,-1,11,02T23@1,04T37@2,2,-1,-1,-1,2
397,T23,OTHER,14,5,54,0,-1,-1,08T23@4,BUYER,0,14,-1,-1,5
1171,T22,T22,14,5,8,12,-1,12,01T22@0,03T22@1,17,14,-1,-1,1
1240,T22,T23,15,10,44,13,-1,13,06T22@3,08T23@4,11,15,-1,-1,4
1308,T35,T22,15,3,17,15,-1,15,05T35@2,07T22@3,17,15,-1,-1,3
1096,T40,T23,15,3,27,10,-1,10,00T40@0,02T23@1,13,15,-1,-1,1
1098,T22,T23,15,14,25,10,-1,10,01T22@0,02T23@1,15,15,-1,-1,1
534,T22,OTHER,15,5,54,-1,-1,-1,09T22@4,BUYER,0,-1,-1,-1,5
1107,T22,T23,15,8,43,10,-1,10,06T22@3,08T23@4,9,15,-1,-1,4
349,OTHER,T22,15,3,10,0,-1,-1,SELLER,01T22@0,0,15,-1,-1,0
367,T23,OTHER,15,3,54,0,-1,-1,08T23@4,BUYER,0,15,-1,-1,5
1126,T35,T22,15,3,18,11,-1,11,05T35@2,06T22@3,17,15,-1,-1,3
1215,T22,T22,15,8,44,13,-1,13,07T22@3,09T22@4,2,15,-1,-1,4
369,OTHER,T40,15,2,10,0,-1,-1,SELLER,00T40@0,0,15,-1,-1,0
30,T22,OTHER,15,2,54,0,-1,-1,09T22@4,BUYER,0,15,-1,-1,5
1141,T23,T37,15,8,1,11,-1,11,02T23@1,04T37@2,8,15,-1,-1,2
679,T22,T23,15,9,43,1,-1,1,07T22@3,08T23@4,3,15,-1,-1,4
1114,T37,T22,15,5,50,-1,-1,10,04T37@2,07T22@3,17,-1,-1,-1,3
1153,T23,T37,15,21,15,11,-1,11,02T23@1,04T37@2,2,15,-1,-1,2
302,OTHER,T40,15,1,10,0,-1,-1,SELLER,00T40@0,0,15,-1,-1,0
970,T22,T23,15,11,84,-1,-1,6,07T22@3,08T23@4,12,-1,-1,-1,4
326,T23,OTHER,15,1,54,0,-1,-1,08T23@4,BUYER,0,15,-1,-1,5
991,T22,T22,15,17,44,7,-1,7,06T22@3,09T22@4,2,15,-1,-1,4
255,T22,OTHER,15,1,54,0,-1,-1,09T22@4,BUYER,0,15,-1,-1,5
228,OTHER,T22,15,3,10,0,-1,-1,SELLER,01T22@0,0,15,-1,-1,0
422,OTHER,T40,15,3,10,0,-1,-1,SELLER,00T40@0,0,15,-1,-1,0
492,T22,OTHER,15,1,54,0,-1,-1,09T22@4,BUYER,0,15,-1,-1,5
135,OTHER,T22,15,3,10,0,-1,-1,SELLER,01T22@0,0,15,-1,-1,0
1060,T22,T23,15,15,27,9,-1,9,01T22@0,02T23@1,12,15,-1,-1,1
1063,T22,T23,15,47,84,9,-1,9,06T22@3,08T23@4,12,15,-1,-1,4
150,OTHER,T22,15,2,10,0,-1,-1,SELLER,01T22@0,0,15,-1,-1,0
1073,T37,T22,15,5,50,-1,-1,9,04T37@2,07T22@3,17,-1,-1,-1,3
1085,T22,T22,15,17,22,10,-1,10,01T22@0,03T22@1,17,15,-1,-1,1
51,T23,OTHER,15,5,54,0,-1,-1,08T23@4,BUYER,0,15,-1,-1,5
1317,T22,T23,15,20,62,-1,-1,15,06T22@3,08T23@4,2,-1,-1,-1,4
1076,T22,T23,15,8,30,-1,-1,9,07T22@3,08T23@4,15,-1,-1,-1,4
451,OTHER,T40,15,3,10,0,-1,-1,SELLER,00T40@0,0,15,-1,-1,0
161,T23,OTHER,15,1,54,0,-1,-1,08T23@4,BUYER,0,15,-1,-1,5
200,T23,OTHER,15,1,54,0,-1,-1,08T23@4,BUYER,0,15,-1,-1,5
950,T22,T23,15,5,80,6,-1,6,07T22@3,08T23@4,13,15,-1,-1,4
1258,T22,T22,16,5,44,14,-1,14,06T22@3,09T22@4,2,16,-1,-1,4
1260,T23,T37,16,4,5,14,-1,14,02T23@1,04T37@2,13,16,-1,-1,2
1175,T23,T37,16,2,6,12,-1,12,02T23@1,04T37@2,15,16,-1,-1,2
151,T22,OTHER,16,3,54,0,-1,-1,09T22@4,BUYER,0,16,-1,-1,5
626,T22,OTHER,16,4,54,-1,-1,-1,09T22@4,BUYER,0,-1,-1,-1,5
948,T22,T22,16,15,20,6,-1,6,01T22@0,03T22@1,17,16,-1,-1,1
1196,T22,T23,16,9,42,12,-1,12,07T22@3,08T23@4,11,16,-1,-1,4
1188,T35,T22,16,3,18,12,-1,12,05T35@2,07T22@3,17,16,-1,-1,3
1178,T22,T23,16,1,87,12,-1,12,07T22@3,08T23@4,11,16,-1,-1,4
1093,T22,T22,16,8,44,10,-1,10,06T22@3,09T22@4,2,16,-1,-1,4
391,T23,OTHER,16,4,54,0,-1,-1,08T23@4,BUYER,0,16,-1,-1,5
960,T40,T22,16,15,20,6,-1,6,00T40@0,03T22@1,17,16,-1,-1,1
91,T23,OTHER,16,1,54,0,-1,-1,08T23@4,BUYER,0,16,-1,-1,5
969,T22,T35,16,1,36,6,-1,6,03T22@1,05T35@2,17,16,-1,-1,2
85,OTHER,T22,16,4,10,0,-1,-1,SELLER,01T22@0,0,16,-1,-1,0
1139,T40,T23,16,10,28,11,-1,11,00T40@0,02T23@1,11,16,-1,-1,1
361,OTHER,T22,16,4,10,0,-1,-1,SELLER,01T22@0,0,16,-1,-1,0
279,OTHER,T22,16,1,10,0,-1,-1,SELLER,01T22@0,0,16,-1,-1,0
1121,T22,T35,16,19,35,11,-1,11,03T22@1,05T35@2,17,16,-1,-1,2
45,OTHER,T22,16,1,10,0,-1,-1,SELLER,01T22@0,0,16,-1,-1,0
313,T23,OTHER,16,4,54,0,-1,-1,08T23@4,BUYER,0,16,-1,-1,5
708,T22,T23,16,10,44,1,-1,1,06T22@3,08T23@4,4,16,-1,-1,4
334,OTHER,T22,16,3,10,0,-1,-1,SELLER,01T22@0,0,16,-1,-1,0
1095,T22,T37,16,35,37,10,-1,10,03T22@1,04T37@2,17,16,-1,-1,2
97,OTHER,T40,16,4,10,0,-1,-1,SELLER,00T40@0,0,16,-1,-1,0
1320,T22,T23,16,1,54,-1,-1,15,06T22@3,08T23@4,2,-1,-1,-1,4
1177,T23,T35,16,39,1,12,-1,12,02T23@1,05T35@2,8,16,-1,-1,2
479,T23,OTHER,16,2,54,0,-1,-1,08T23@4,BUYER,0,16,-1,-1,5
444,OTHER,T40,16,3,10,0,-1,-1,SELLER,00T40@0,0,16,-1,-1,0
431,T23,OTHER,16,2,54,0,-1,-1,08T23@4,BUYER,0,16,-1,-1,5
1330,T35,T22,16,1,17,16,-1,16,05T35@2,06T22@3,17,16,-1,-1,3
1352,T35,T22,16,5,17,16,-1,16,05T35@2,06T22@3,17,16,-1,-1,3
183,OTHER,T22,17,6,10,0,-1,-1,SELLER,01T22@0,0,17,-1,-1,0
157,OTHER,T22,17,1,10,0,-1,-1,SELLER,01T22@0,0,17,-1,-1,0
1217,T23,T37,17,4,8,13,-1,13,02T23@1,04T37@2,16,17,-1,-1,2
1383,T35,T22,17,4,17,17,-1,17,05T35@2,06T22@3,17,17,-1,-1,3
495,T23,OTHER,17,2,54,0,-1,-1,08T23@4,BUYER,0,17,-1,-1,5
1220,T22,T22,17,6,44,13,-1,13,06T22@3,09T22@4,2,17,-1,-1,4
142,T22,OTHER,17,2,54,0,-1,-1,09T22@4,BUYER,0,17,-1,-1,5
1201,T37,T22,17,6,52,-1,-1,12,04T37@2,07T22@3,17,-1,-1,-1,3
990,T40,T23,17,15,23,7,-1,7,00T40@0,02T23@1,16,17,-1,-1,1
1028,T22,T23,17,4,86,8,-1,8,06T22@3,08T23@4,11,17,-1,-1,4
425,T22,OTHER,17,2,54,0,-1,-1,09T22@4,BUYER,0,17,-1,-1,5
1159,T37,T22,17,6,52,-1,-1,11,04T37@2,07T22@3,17,-1,-1,-1,3
384,OTHER,T40,17,4,10,0,-1,-1,SELLER,00T40@0,0,17,-1,-1,0
1160,T22,T23,17,38,87,-1,-1,11,06T22@3,08T23@4,16,-1,-1,-1,4
399,T22,OTHER,17,2,54,0,-1,-1,09T22@4,BUYER,0,17,-1,-1,5
1231,T35,T22,17,3,18,13,-1,13,05T35@2,07T22@3,17,17,-1,-1,3
998,T37,T22,17,45,34,7,-1,7,04T37@2,06T22@3,2,17,-1,-1,3
607,T22,OTHER,17,3,54,-1,-1,-1,09T22@4,BUYER,0,-1,-1,-1,5
434,OTHER,T22,17,2,10,0,-1,-1,SELLER,01T22@0,0,17,-1,-1,0
227,OTHER,T40,17,2,10,0,-1,-1,SELLER,00T40@0,0,17,-1,-1,0
184,T23,OTHER,17,1,54,0,-1,-1,08T23@4,BUYER,0,17,-1,-1,5
214,OTHER,T40,17,1,10,0,-1,-1,SELLER,00T40@0,0,17,-1,-1,0
1010,T35,T22,17,5,18,8,-1,8,05T35@2,06T22@3,17,17,-1,-1,3
205,OTHER,T22,17,2,10,0,-1,-1,SELLER,01T22@0,0,17,-1,-1,0
340,T23,OTHER,17,2,54,0,-1,-1,08T23@4,BUYER,0,17,-1,-1,5
1211,T22,T22,17,6,44,13,-1,13,06T22@3,09T22@4,2,17,-1,-1,4
1301,T37,T22,17,6,52,15,-1,15,04T37@2,06T22@3,17,17,-1,-1,3
86,OTHER,T22,17,2,10,0,-1,-1,SELLER,01T22@0,0,17,-1,-1,0
1288,T22,T23,17,12,70,-1,-1,14,06T22@3,08T23@4,2,-1,-1,-1,4
1181,T22,T23,17,16,27,12,-1,12,01T22@0,02T23@1,12,17,-1,-1,1
1212,T22,T23,17,1,87,13,-1,13,07T22@3,08T23@4,10,17,-1,-1,4
1068,T22,T23,17,5,86,9,-1,9,07T22@3,08T23@4,16,17,-1,-1,4
238,T23,OTHER,17,3,54,0,-1,-1,08T23@4,BUYER,0,17,-1,-1,5
1183,T35,T22,17,18,34,12,-1,12,05T35@2,07T22@3,2,17,-1,-1,3
1395,T22,T35,17,140,24,-1,-1,17,03T22@1,05T35@2,2,-1,-1,-1,2
1128,T22,T23,17,2,87,11,-1,11,07T22@3,08T23@4,10,17,-1,-1,4
1394,T35,T22,17,31,20,-1,-1,17,05T35@2,07T22@3,17,-1,-1,-1,3
1047,T35,T22,17,5,18,9,-1,9,05T35@2,06T22@3,17,17,-1,-1,3
461,T23,OTHER,17,3,54,0,-1,-1,08T23@4,BUYER,0,17,-1,-1,5
1285,T37,T22,17,6,52,-1,-1,14,04T37@2,07T22@3,17,-1,-1,-1,3
1179,T35,T22,18,4,18,12,-1,12,05T35@2,07T22@3,17,18,-1,-1,3
429,OTHER,T22,18,1,10,0,-1,-1,SELLER,01T22@0,0,18,-1,-1,0
423,T23,OTHER,18,2,54,0,-1,-1,08T23@4,BUYER,0,18,-1,-1,5
1192,T22,T22,18,5,65,12,-1,12,06T22@3,09T22@4,17,18,-1,-1,4
1187,T40,T22,18,12,22,12,-1,12,00T40@0,03T22@1,17,18,-1,-1,1
487,OTHER,T40,18,1,10,0,-1,-1,SELLER,00T40@0,0,18,-1,-1,0
1152,T35,T22,18,26,34,11,-1,11,05T35@2,07T22@3,2,18,-1,-1,3
66,T22,OTHER,18,2,54,0,-1,-1,09T22@4,BUYER,0,18,-1,-1,5
1437,T35,T22,18,3,17,18,-1,18,05T35@2,06T22@3,17,18,-1,-1,3
1442,T22,T23,18,2,61,-1,-1,18,06T22@3,08T23@4,2,-1,-1,-1,4
336,T23,OTHER,18,4,54,0,-1,-1,08T23@4,BUYER,0,18,-1,-1,5
1074,T37,T22,18,24,34,-1,-1,9,04T37@2,06T22@3,2,-1,-1,-1,3
1109,T22,T23,18,5,84,10,-1,10,07T22@3,08T23@4,12,18,-1,-1,4
1398,T22,T23,18,16,81,-1,-1,17,06T22@3,08T23@4,2,-1,-1,-1,4
287,OTHER,T40,18,1,10,0,-1,-1,SELLER,00T40@0,0,18,-1,-1,0
1052,T40,T23,18,2,27,9,-1,9,00T40@0,02T23@1,13,18,-1,-1,1
1119,T37,T22,18,6,50,-1,-1,10,04T37@2,06T22@3,17,-1,-1,-1,3
1042,T37,T22,18,37,49,-1,-1,8,04T37@2,07T22@3,17,-1,-1,-1,3
497,OTHER,T40,18,2,10,0,-1,-1,SELLER,00T40@0,0,18,-1,-1,0
1385,T22,T23,18,1,15,17,-1,17,01T22@0,02T23@1,2,18,-1,-1,1
1148,T22,T23,18,1,85,11,-1,11,07T22@3,08T23@4,12,18,-1,-1,4
1023,T22,T35,18,1,36,8,-1,8,03T22@1,05T35@2,17,18,-1,-1,2
1019,T22,T37,18,1,36,8,-1,8,03T22@1,04T37@2,17,18,-1,-1,2
1158,T37,T22,18,5,52,-1,-1,11,04T37@2,07T22@3,17,-1,-1,-1,3
381,OTHER,T40,18,3,10,0,-1,-1,SELLER,00T40@0,0,18,-1,-1,0
1165,T22,T22,18,18,20,12,-1,12,01T22@0,03T22@1,17,18,-1,-1,1
263,OTHER,T40,18,4,10,0,-1,-1,SELLER,00T40@0,0,18,-1,-1,0
1166,T22,T22,18,5,65,12,-1,12,07T22@3,09T22@4,17,18,-1,-1,4
1195,T22,T35,18,35,37,12,-1,12,03T22@1,05T35@2,17,18,-1,-1,2
1406,T22,T23,18,2,55,18,-1,18,07T22@3,08T23@4,2,18,-1,-1,4
1273,T22,T22,18,1,23,14,-1,14,06T22@3,09T22@4,17,18,-1,-1,4
160,OTHER,T22,18,4,10,0,-1,-1,SELLER,01T22@0,0,18,-1,-1,0
1284,T37,T22,18,5,34,-1,-1,14,04T37@2,07T22@3,2,-1,-1,-1,3
1241,T22,T22,18,17,22,13,-1,13,01T22@0,03T22@1,17,18,-1,-1,1
1250,T22,T35,18,35,37,-1,-1,13,03T22@1,05T35@2,17,-1,-1,-1,2
1256,T23,T37,18,2,6,14,-1,14,02T23@1,04T37@2,15,18,-1,-1,2
1239,T35,T22,18,5,34,13,-1,13,05T35@2,07T22@3,7,18,-1,-1,3
1226,T22,T35,18,1,36,13,-1,13,03T22@1,05T35@2,17,18,-1,-1,2
1280,T23,T35,18,23,8,14,-1,14,02T23@1,05T35@2,15,18,-1,-1,2
1340,T22,T22,18,5,7,16,-1,16,01T22@0,03T22@1,17,18,-1,-1,1
171,T22,OTHER,18,2,54,0,-1,-1,09T22@4,BUYER,0,18,-1,-1,5
1247,T37,T22,18,6,50,-1,-1,13,04T37@2,06T22@3,17,-1,-1,-1,3
1304,T37,T22,18,5,52,15,-1,15,04T37@2,06T22@3,17,18,-1,-1,3
1216,T40,T23,18,8,24,13,-1,13,00T40@0,02T23@1,15,18,-1,-1,1
201,T22,OTHER,18,1,54,0,-1,-1,09T22@4,BUYER,0,18,-1,-1,5
592,T22,OTHER,18,5,54,-1,-1,-1,09T22@4,BUYER,0,-1,-1,-1,5
241,OTHER,T22,18,4,10,0,-1,-1,SELLER,01T22@0,0,18,-1,-1,0
89,T23,OTHER,18,4,54,0,-1,-1,08T23@4,BUYER,0,18,-1,-1,5
1221,T22,T37,18,35,37,13,-1,13,03T22@1,04T37@2,17,18,-1,-1,2
1278,T40,T23,19,13,26,14,-1,14,00T40@0,02T23@1,14,19,-1,-1,1
1281,T37,T22,19,5,50,14,-1,14,04T37@2,06T22@3,17,19,-1,-1,3
158,OTHER,T22,19,3,10,0,-1,-1,SELLER,01T22@0,0,19,-1,-1,0
34,T23,OTHER,19,3,54,0,-1,-1,08T23@4,BUYER,0,19,-1,-1,5
408,OTHER,T22,19,3,10,0,-1,-1,SELLER,01T22@0,0,19,-1,-1,0
57,OTHER,T22,19,1,10,0,-1,-1,SELLER,01T22@0,0,19,-1,-1,0
1133,T22,T23,19,16,23,11,-1,11,01T22@0,02T23@1,16,19,-1,-1,1
1197,T37,T22,19,5,50,-1,-1,12,04T37@2,06T22@3,17,-1,-1,-1,3
65,T22,OTHER,19,3,54,0,-1,-1,09T22@4,BUYER,0,19,-1,-1,5
1466,T35,T22,19,4,17,19,-1,19,05T35@2,07T22@3,17,19,-1,-1,3
1287,T22,T23,19,3,78,-1,-1,14,07T22@3,08T23@4,15,-1,-1,-1,4
1069,T22,T35,19,1,36,9,-1,9,03T22@1,05T35@2,17,19,-1,-1,2
1111,T22,T35,19,35,35,10,-1,10,03T22@1,05T35@2,17,19,-1,-1,2
343,T23,OTHER,19,6,54,0,-1,-1,08T23@4,BUYER,0,19,-1,-1,5
181,T23,OTHER,19,1,54,0,-1,-1,08T23@4,BUYER,0,19,-1,-1,5
1099,T22,T23,19,47,85,10,-1,10,06T22@3,08T23@4,11,19,-1,-1,4
1328,T22,T22,19,16,14,16,-1,16,01T22@0,03T22@1,2,19,-1,-1,1
198,OTHER,T40,19,2,10,0,-1,-1,SELLER,00T40@0,0,19,-1,-1,0
1286,T37,T22,19,39,53,-1,-1,14,04T37@2,07T22@3,17,-1,-1,-1,3
1468,T35,T22,19,4,17,19,-1,19,05T35@2,07T22@3,17,19,-1,-1,3
1481,T22,T23,19,6,26,-1,-1,19,01T22@0,02T23@1,2,-1,-1,-1,1
215,OTHER,T40,19,3,10,0,-1,-1,SELLER,00T40@0,0,19,-1,-1,0
87,T22,OTHER,19,1,54,0,-1,-1,09T22@4,BUYER,0,19,-1,-1,5
1208,T22,T23,19,1,87,13,-1,13,07T22@3,08T23@4,10,19,-1,-1,4
547,T22,OTHER,19,4,54,-1,-1,-1,09T22@4,BUYER,0,-1,-1,-1,5
1225,T22,T22,19,5,65,13,-1,13,07T22@3,09T22@4,17,19,-1,-1,4
1269,T37,T22,19,39,53,14,-1,14,04T37@2,06T22@3,17,19,-1,-1,3
1483,T22,T23,19,9,39,-1,-1,19,07T22@3,08T23@4,13,-1,-1,-1,4
1248,T37,T22,19,5,50,-1,-1,13,04T37@2,06T22@3,17,-1,-1,-1,3
488,OTHER,T22,19,1,10,0,-1,-1,SELLER,01T22@0,0,19,-1,-1,0
1482,T22,T35,19,98,24,-1,-1,19,03T22@1,05T35@2,2,-1,-1,-1,2
144,OTHER,T40,19,3,10,0,-1,-1,SELLER,00T40@0,0,19,-1,-1,0
374,OTHER,T22,19,4,10,0,-1,-1,SELLER,01T22@0,0,19,-1,-1,0
265,T23,OTHER,19,2,54,0,-1,-1,08T23@4,BUYER,0,19,-1,-1,5
1263,T40,T22,19,16,22,14,-1,14,00T40@0,03T22@1,17,19,-1,-1,1
1420,T40,T23,19,5,10,18,-1,18,00T40@0,02T23@1,15,19,-1,-1,1
111,OTHER,T40,20,2,10,0,-1,-1,SELLER,00T40@0,0,20,-1,-1,0
328,OTHER,T22,20,2,10,0,-1,-1,SELLER,01T22@0,0,20,-1,-1,0
1080,T22,T23,20,1,80,10,-1,10,07T22@3,08T23@4,14,20,-1,-1,4
283,OTHER,T40,20,2,10,0,-1,-1,SELLER,00T40@0,0,20,-1,-1,0
1524,T37,T22,20,3,17,-1,-1,20,04T37@2,06T22@3,17,-1,-1,-1,3
1507,T22,T23,20,5,39,20,-1,20,06T22@3,08T23@4,12,20,-1,-1,4
318,OTHER,T22,20,5,10,0,-1,-1,SELLER,01T22@0,0,20,-1,-1,0
315,OTHER,T22,20,2,10,0,-1,-1,SELLER,01T22@0,0,20,-1,-1,0
1517,T22,T23,20,4,74,20,-1,20,07T22@3,08T23@4,2,20,-1,-1,4
83,OTHER,T22,20,1,10,0,-1,-1,SELLER,01T22@0,0,20,-1,-1,0
237,OTHER,T40,20,3,10,0,-1,-1,SELLER,00T40@0,0,20,-1,-1,0
1489,T35,T22,20,6,17,20,-1,20,05T35@2,07T22@3,17,20,-1,-1,3
159,T23,OTHER,20,2,54,0,-1,-1,08T23@4,BUYER,0,20,-1,-1,5
1451,T23,T37,20,4,23,19,-1,19,02T23@1,04T37@2,2,20,-1,-1,2
1521,T22,T35,20,26,14,-1,-1,20,03T22@1,05T35@2,17,-1,-1,-1,2
455,T23,OTHER,20,3,54,0,-1,-1,08T23@4,BUYER,0,20,-1,-1,5
125,OTHER,T22,20,1,10,0,-1,-1,SELLER,01T22@0,0,20,-1,-1,0
105,OTHER,T40,20,2,10,0,-1,-1,SELLER,00T40@0,0,20,-1,-1,0
1522,T22,T23,20,40,84,-1,-1,20,06T22@3,08T23@4,2,-1,-1,-1,4
226,T22,OTHER,20,3,54,0,-1,-1,09T22@4,BUYER,0,20,-1,-1,5
193,T23,OTHER,20,3,54,0,-1,-1,08T23@4,BUYER,0,20,-1,-1,5
1194,T22,T23,20,1,85,12,-1,12,07T22@3,08T23@4,11,20,-1,-1,4
1274,T22,T23,20,5,43,14,-1,14,06T22@3,08T23@4,10,20,-1,-1,4
1333,T35,T22,20,3,18,16,-1,16,05T35@2,07T22@3,17,20,-1,-1,3
1136,T22,T22,20,5,67,11,-1,11,07T22@3,09T22@4,17,20,-1,-1,4
1321,T37,T22,20,5,52,-1,-1,15,04T37@2,07T22@3,17,-1,-1,-1,3
1309,T22,T23,20,4,88,15,-1,15,07T22@3,08T23@4,7,20,-1,-1,4
1292,T22,T23,20,1,81,-1,-1,14,07T22@3,08T23@4,16,-1,-1,-1,4
28,T22,OTHER,20,3,54,0,-1,-1,09T22@4,BUYER,0,20,-1,-1,5
616,T22,OTHER,20,4,54,-1,-1,-1,09T22@4,BUYER,0,-1,-1,-1,5
1184,T22,T23,20,4,81,12,-1,12,06T22@3,08T23@4,14,20,-1,-1,4
6,T23,OTHER,20,2,54,0,-1,-1,08T23@4,BUYER,0,20,-1,-1,5
1335,T22,T37,20,5,24,16,-1,16,03T22@1,04T37@2,6,20,-1,-1,2
1338,T40,T23,20,13,28,16,-1,16,00T40@0,02T23@1,11,20,-1,-1,1
1245,T37,T22,20,5,52,-1,-1,13,04T37@2,07T22@3,17,-1,-1,-1,3
189,T23,OTHER,21,2,54,0,-1,-1,08T23@4,BUYER,0,21,-1,-1,5
14,T23,OTHER,21,2,54,0,-1,-1,08T23@4,BUYER,0,21,-1,-1,5
1361,T40,T22,21,13,22,17,-1,17,00T40@0,03T22@1,17,21,-1,-1,1
1365,T35,T22,21,46,34,17,-1,17,05T35@2,06T22@3,2,21,-1,-1,3
1168,T40,T23,21,3,27,12,-1,12,00T40@0,02T23@1,16,21,-1,-1,1
394,T23,OTHER,21,1,54,0,-1,-1,08T23@4,BUYER,0,21,-1,-1,5
1306,T22,T23,21,17,27,15,-1,15,01T22@0,02T23@1,12,21,-1,-1,1
1357,T37,T22,21,5,50,-1,-1,16,04T37@2,07T22@3,17,-1,-1,-1,3
249,OTHER,T22,21,1,10,0,-1,-1,SELLER,01T22@0,0,21,-1,-1,0
93,T22,OTHER,21,1,54,0,-1,-1,09T22@4,BUYER,0,21,-1,-1,5
242,T23,OTHER,21,1,54,0,-1,-1,08T23@4,BUYER,0,21,-1,-1,5
1209,T22,T23,21,16,23,13,-1,13,01T22@0,02T23@1,15,21,-1,-1,1
100,OTHER,T40,21,2,10,0,-1,-1,SELLER,00T40@0,0,21,-1,-1,0
1349,T35,T22,21,31,15,16,-1,16,05T35@2,07T22@3,17,21,-1,-1,3
224,OTHER,T40,21,3,10,0,-1,-1,SELLER,00T40@0,0,21,-1,-1,0
1283,T22,T23,21,4,74,-1,-1,14,06T22@3,08T23@4,16,-1,-1,-1,4
1334,T35,T22,21,17,34,16,-1,16,05T35@2,07T22@3,2,21,-1,-1,3
219,T22,OTHER,21,1,54,0,-1,-1,09T22@4,BUYER,0,21,-1,-1,5
210,T22,OTHER,21,4,54,0,-1,-1,09T22@4,BUYER,0,21,-1,-1,5
1268,T37,T22,21,5,50,14,-1,14,04T37@2,06T22@3,17,21,-1,-1,3
1559,T22,T22,21,2,22,-1,-1,21,06T22@3,09T22@4,17,-1,-1,-1,4
1560,T22,T35,21,62,24,-1,-1,21,03T22@1,05T35@2,2,-1,-1,-1,2
1272,T22,T23,21,6,28,14,-1,14,01T22@0,02T23@1,12,21,-1,-1,1
1356,T22,T23,21,15,28,-1,-1,16,01T22@0,02T23@1,10,-1,-1,-1,1
1147,T35,T22,21,39,34,11,-1,11,05T35@2,06T22@3,2,21,-1,-1,3
1279,T22,T23,21,16,26,14,-1,14,01T22@0,02T23@1,13,21,-1,-1,1
694,T22,T23,21,6,44,1,-1,1,06T22@3,08T23@4,5,21,-1,-1,4
298,OTHER,T40,21,3,10,0,-1,-1,SELLER,00T40@0,0,21,-1,-1,0
1419,T22,T22,21,17,20,18,-1,18,01T22@0,03T22@1,17,21,-1,-1,1
1458,T35,T22,21,12,19,19,-1,19,05T35@2,06T22@3,17,21,-1,-1,3
1135,T22,T37,21,19,37,11,-1,11,03T22@1,04T37@2,17,21,-1,-1,2
415,OTHER,T22,21,1,10,0,-1,-1,SELLER,01T22@0,0,21,-1,-1,0
1310,T40,T23,21,13,27,15,-1,15,00T40@0,02T23@1,12,21,-1,-1,1
42,T23,OTHER,21,4,54,0,-1,-1,08T23@4,BUYER,0,21,-1,-1,5
1471,T22,T22,21,8,24,19,-1,19,06T22@3,09T22@4,17,21,-1,-1,4
37,T23,OTHER,21,4,54,0,-1,-1,08T23@4,BUYER,0,21,-1,-1,5
199,OTHER,T22,21,4,10,0,-1,-1,SELLER,01T22@0,0,21,-1,-1,0
335,OTHER,T22,21,6,10,0,-1,-1,SELLER,01T22@0,0,21,-1,-1,0
1519,T22,T23,22,20,60,-1,-1,20,06T22@3,08T23@4,2,-1,-1,-1,4
1403,T37,T22,22,13,50,-1,-1,17,04T37@2,07T22@3,17,-1,-1,-1,3
1237,T22,T23,22,7,28,13,-1,13,01T22@0,02T23@1,11,22,-1,-1,1
113,OTHER,T22,22,2,10,0,-1,-1,SELLER,01T22@0,0,22,-1,-1,0
102,OTHER,T22,22,3,10,0,-1,-1,SELLER,01T22@0,0,22,-1,-1,0
1343,T22,T22,22,5,65,16,-1,16,07T22@3,09T22@4,17,22,-1,-1,4
1326,T40,T23,22,14,27,16,-1,16,00T40@0,02T23@1,12,22,-1,-1,1
1380,T22,T37,22,1,36,17,-1,17,03T22@1,04T37@2,17,22,-1,-1,2
1445,T35,T22,22,25,19,19,-1,19,05T35@2,07T22@3,17,22,-1,-1,3
1407,T40,T23,22,14,27,18,-1,18,00T40@0,02T23@1,12,22,-1,-1,1
1218,T22,T22,22,5,67,13,-1,13,06T22@3,09T22@4,17,22,-1,-1,4
1600,T22,T35,22,131,24,-1,-1,22,03T22@1,05T35@2,2,-1,-1,-1,2
465,T23,OTHER,22,1,54,0,-1,-1,08T23@4,BUYER,0,22,-1,-1,5
1412,T22,T23,22,8,27,18,-1,18,01T22@0,02T23@1,14,22,-1,-1,1
1441,T37,T22,22,31,15,-1,-1,18,04T37@2,07T22@3,17,-1,-1,-1,3
1578,T22,T23,22,1,13,22,-1,22,01T22@0,02T23@1,13,22,-1,-1,1
1562,T22,T23,22,29,67,-1,-1,21,06T22@3,08T23@4,2,-1,-1,-1,4
1318,T22,T23,22,26,82,-1,-1,15,06T22@3,08T23@4,14,-1,-1,-1,4
714,T22,T23,22,2,44,1,-1,1,06T22@3,08T23@4,2,22,-1,-1,4
1432,T37,T22,22,5,52,18,-1,18,04T37@2,06T22@3,17,22,-1,-1,3
1448,T37,T22,22,5,52,19,-1,19,04T37@2,06T22@3,17,22,-1,-1,3
316,OTHER,T40,22,2,10,0,-1,-1,SELLER,00T40@0,0,22,-1,-1,0
1465,T40,T23,22,36,19,19,-1,19,00T40@0,02T23@1,2,22,-1,-1,1
35,T23,OTHER,22,4,54,0,-1,-1,08T23@4,BUYER,0,22,-1,-1,5
1388,T35,T22,22,21,34,17,-1,17,05T35@2,06T22@3,2,22,-1,-1,3
1375,T22,T22,22,8,65,17,-1,17,06T22@3,09T22@4,17,22,-1,-1,4
179,OTHER,T22,22,2,10,0,-1,-1,SELLER,01T22@0,0,22,-1,-1,0
175,T22,OTHER,22,1,54,0,-1,-1,09T22@4,BUYER,0,22,-1,-1,5
392,T22,OTHER,22,2,54,0,-1,-1,09T22@4,BUYER,0,22,-1,-1,5
1392,T22,T23,22,13,28,17,-1,17,01T22@0,02T23@1,11,22,-1,-1,1
1396,T37,T22,22,13,50,-1,-1,17,04T37@2,06T22@3,17,-1,-1,-1,3
77,OTHER,T40,22,2,10,0,-1,-1,SELLER,00T40@0,0,22,-1,-1,0
1275,T37,T22,22,5,18,14,-1,14,04T37@2,07T22@3,17,22,-1,-1,3
1172,T35,T22,22,30,34,12,-1,12,05T35@2,07T22@3,2,22,-1,-1,3
1173,T22,T23,22,8,27,12,-1,12,01T22@0,02T23@1,12,22,-1,-1,1
356,T22,OTHER,22,2,54,0,-1,-1,09T22@4,BUYER,0,22,-1,-1,5
456,OTHER,T22,22,4,10,0,-1,-1,SELLER,01T22@0,0,22,-1,-1,0
1363,T23,T37,22,18,14,17,-1,17,02T23@1,04T37@2,2,22,-1,-1,2
1495,T23,T35,22,29,9,20,-1,20,02T23@1,05T35@2,16,22,-1,-1,2
1496,T35,T22,22,12,19,20,-1,20,05T35@2,06T22@3,17,22,-1,-1,3
353,T22,OTHER,22,1,54,0,-1,-1,09T22@4,BUYER,0,22,-1,-1,5
40,OTHER,T40,22,4,10,0,-1,-1,SELLER,00T40@0,0,22,-1,-1,0
1424,T22,T23,22,5,14,18,-1,18,01T22@0,02T23@1,14,22,-1,-1,1
90,OTHER,T22,22,1,10,0,-1,-1,SELLER,01T22@0,0,22,-1,-1,0
1497,T22,T23,22,15,20,20,-1,20,01T22@0,02T23@1,2,22,-1,-1,1
546,T22,OTHER,22,6,54,-1,-1,-1,09T22@4,BUYER,0,-1,-1,-1,5
1303,T37,T22,22,5,52,15,-1,15,04T37@2,07T22@3,17,22,-1,-1,3
1382,T22,T23,22,6,87,17,-1,17,06T22@3,08T23@4,13,22,-1,-1,4
286,T23,OTHER,22,3,54,0,-1,-1,08T23@4,BUYER,0,22,-1,-1,5
1608,T35,T22,23,5,17,23,-1,23,05T35@2,06T22@3,17,23,-1,-1,3
166,OTHER,T22,23,1,10,0,-1,-1,SELLER,01T22@0,0,23,-1,-1,0
1638,T22,T22,23,7,24,-1,-1,23,07T22@3,09T22@4,17,-1,-1,-1,4
1642,T22,T23,23,12,72,-1,-1,23,06T22@3,08T23@4,2,-1,-1,-1,4
1291,T22,T37,23,52,36,-1,-1,14,03T22@1,04T37@2,17,-1,-1,-1,2
1430,T22,T23,23,6,78,18,-1,18,07T22@3,08T23@4,14,23,-1,-1,4
1265,T22,T22,23,5,67,14,-1,14,07T22@3,09T22@4,17,23,-1,-1,4
1433,T40,T23,23,11,25,18,-1,18,00T40@0,02T23@1,15,23,-1,-1,1
1418,T22,T23,23,14,25,18,-1,18,01T22@0,02T23@1,15,23,-1,-1,1
1410,T22,T22,23,5,65,18,-1,18,07T22@3,09T22@4,17,23,-1,-1,4
1462,T35,T22,23,12,16,19,-1,19,05T35@2,07T22@3,17,23,-1,-1,3
1469,T35,T22,23,31,15,19,-1,19,05T35@2,06T22@3,17,23,-1,-1,3
1475,T22,T22,23,12,44,19,-1,19,07T22@3,09T22@4,2,23,-1,-1,4
1390,T37,T22,23,5,50,17,-1,17,04T37@2,06T22@3,17,23,-1,-1,3
23,T23,OTHER,23,3,54,0,-1,-1,08T23@4,BUYER,0,23,-1,-1,5
1369,T22,T22,23,17,20,17,-1,17,01T22@0,03T22@1,17,23,-1,-1,1
1366,T22,T23,23,5,87,17,-1,17,07T22@3,08T23@4,14,23,-1,-1,4
1488,T35,T22,23,25,19,20,-1,20,05T35@2,06T22@3,17,23,-1,-1,3
1360,T40,T23,23,7,28,17,-1,17,00T40@0,02T23@1,13,23,-1,-1,1
1504,T37,T22,23,5,50,20,-1,20,04T37@2,06T22@3,17,23,-1,-1,3
1213,T22,T37,23,1,36,13,-1,13,03T22@1,04T37@2,17,23,-1,-1,2
1214,T22,T23,23,4,86,13,-1,13,06T22@3,08T23@4,11,23,-1,-1,4
1512,T22,T22,23,10,44,20,-1,20,06T22@3,09T22@4,2,23,-1,-1,4
1344,T22,T23,23,4,82,16,-1,16,07T22@3,08T23@4,14,23,-1,-1,4
126,OTHER,T22,23,2,10,0,-1,-1,SELLER,01T22@0,0,23,-1,-1,0
1523,T22,T23,23,6,78,-1,-1,20,06T22@3,08T23@4,14,-1,-1,-1,4
1262,T22,T22,23,5,67,14,-1,14,06T22@3,09T22@4,17,23,-1,-1,4
1537,T22,T37,23,5,24,21,-1,21,03T22@1,04T37@2,2,23,-1,-1,2
1276,T22,T35,23,52,36,14,-1,14,03T22@1,05T35@2,17,-1,-1,-1,2
1323,T37,T22,23,5,50,16,-1,16,04T37@2,06T22@3,17,23,-1,-1,3
8,OTHER,T22,23,1,10,0,-1,-1,SELLER,01T22@0,0,23,-1,-1,0
440,OTHER,T22,23,1,10,0,-1,-1,SELLER,01T22@0,0,23,-1,-1,0
248,OTHER,T40,23,3,10,0,-1,-1,SELLER,00T40@0,0,23,-1,-1,0
247,OTHER,T40,23,2,10,0,-1,-1,SELLER,00T40@0,0,23,-1,-1,0
584,T22,OTHER,23,3,54,-1,-1,-1,09T22@4,BUYER,0,-1,-1,-1,5
635,T22,OTHER,23,3,54,-1,-1,-1,09T22@4,BUYER,0,-1,-1,-1,5
274,T22,OTHER,23,1,54,0,-1,-1,09T22@4,BUYER,0,23,-1,-1,5
606,T22,OTHER,23,1,54,-1,-1,-1,09T22@4,BUYER,0,-1,-1,-1,5
216,OTHER,T22,23,3,10,0,-1,-1,SELLER,01T22@0,0,23,-1,-1,0
293,OTHER,T22,23,5,10,0,-1,-1,SELLER,01T22@0,0,23,-1,-1,0
610,T22,OTHER,23,2,54,-1,-1,-1,09T22@4,BUYER,0,-1,-1,-1,5
314,T23,OTHER,23,1,54,0,-1,-1,08T23@4,BUYER,0,23,-1,-1,5
204,T23,OTHER,23,2,54,0,-1,-1,08T23@4,BUYER,0,23,-1,-1,5
463,OTHER,T40,23,2,10,0,-1,-1,SELLER,00T40@0,0,23,-1,-1,0
306,T22,OTHER,23,4,54,0,-1,-1,09T22@4,BUYER,0,23,-1,-1,5
3,OTHER,T40,24,1,10,0,-1,-1,SELLER,00T40@0,0,24,-1,-1,0
250,OTHER,T22,24,3,10,0,-1,-1,SELLER,01T22@0,0,24,-1,-1,0
1364,T23,T37,24,5,1,17,-1,17,02T23@1,04T37@2,2,24,-1,-1,2
405,OTHER,T40,24,3,10,0,-1,-1,SELLER,00T40@0,0,24,-1,-1,0
1377,T40,T23,24,6,25,17,-1,17,00T40@0,02T23@1,17,24,-1,-1,1
123,OTHER,T22,24,3,10,0,-1,-1,SELLER,01T22@0,0,24,-1,-1,0
1408,T35,T22,24,16,34,18,-1,18,05T35@2,07T22@3,2,24,-1,-1,3
1319,T37,T22,24,36,34,-1,-1,15,04T37@2,06T22@3,2,-1,-1,-1,3
140,OTHER,T22,24,1,10,0,-1,-1,SELLER,01T22@0,0,24,-1,-1,0
1282,T22,T22,24,27,44,14,-1,14,07T22@3,09T22@4,2,24,-1,-1,4
478,T23,OTHER,24,2,54,0,-1,-1,08T23@4,BUYER,0,24,-1,-1,5
1601,T22,T22,24,15,44,-1,-1,22,07T22@3,09T22@4,2,-1,-1,-1,4
1587,T23,T37,24,1,2,22,-1,22,02T23@1,04T37@2,12,24,-1,-1,2
1577,T22,T23,24,3,47,22,-1,22,06T22@3,08T23@4,2,24,-1,-1,4
107,T23,OTHER,24,2,54,0,-1,-1,08T23@4,BUYER,0,24,-1,-1,5
571,T22,OTHER,24,1,54,-1,-1,-1,09T22@4,BUYER,0,-1,-1,-1,5
573,T22,OTHER,24,3,54,-1,-1,-1,09T22@4,BUYER,0,-1,-1,-1,5
63,T22,OTHER,24,2,54,0,-1,-1,09T22@4,BUYER,0,24,-1,-1,5
1450,T40,T23,24,11,26,19,-1,19,00T40@0,02T23@1,13,24,-1,-1,1
50,T22,OTHER,24,3,54,0,-1,-1,09T22@4,BUYER,0,24,-1,-1,5
1677,T35,T22,24,12,19,-1,-1,24,05T35@2,06T22@3,17,-1,-1,-1,3
72,OTHER,T40,24,3,10,0,-1,-1,SELLER,00T40@0,0,24,-1,-1,0
172,T23,OTHER,24,2,54,0,-1,-1,08T23@4,BUYER,0,24,-1,-1,5
1664,T35,T22,24,4,17,24,-1,24,05T35@2,07T22@3,17,24,-1,-1,3
15,OTHER,T22,24,3,10,0,-1,-1,SELLER,01T22@0,0,24,-1,-1,0
1645,T22,T22,24,15,44,-1,-1,23,06T22@3,09T22@4,2,-1,-1,-1,4
80,OTHER,T22,24,1,10,0,-1,-1,SELLER,01T22@0,0,24,-1,-1,0
452,OTHER,T40,24,2,10,0,-1,-1,SELLER,00T40@0,0,24,-1,-1,0
264,T23,OTHER,24,5,54,0,-1,-1,08T23@4,BUYER,0,24,-1,-1,5
1205,T22,T23,25,7,36,13,-1,13,07T22@3,08T23@4,15,25,-1,-1,4
453,T23,OTHER,25,1,54,0,-1,-1,08T23@4,BUYER,0,25,-1,-1,5
355,T23,OTHER,25,1,54,0,-1,-1,08T23@4,BUYER,0,25,-1,-1,5
333,T23,OTHER,25,5,54,0,-1,-1,08T23@4,BUYER,0,25,-1,-1,5
115,OTHER,T22,25,3,10,0,-1,-1,SELLER,01T22@0,0,25,-1,-1,0
1546,T23,T37,25,1,1,21,-1,21,02T23@1,04T37@2,9,25,-1,-1,2
1347,T22,T23,25,17,27,16,-1,16,01T22@0,02T23@1,11,25,-1,-1,1
109,T23,OTHER,25,2,54,0,-1,-1,08T23@4,BUYER,0,25,-1,-1,5
1341,T22,T22,25,14,20,16,-1,16,01T22@0,03T22@1,17,25,-1,-1,1
1712,T23,T37,25,1,2,-1,-1,25,02T23@1,04T37@2,15,-1,-1,-1,2
1563,T22,T23,25,8,38,-1,-1,21,06T22@3,08T23@4,14,-1,-1,-1,4
1322,T22,T22,25,40,63,-1,-1,15,06T22@3,09T22@4,17,-1,-1,-1,4
1454,T22,T23,25,5,88,19,-1,19,06T22@3,08T23@4,6,25,-1,-1,4
1709,T22,T23,25,6,41,-1,-1,25,06T22@3,08T23@4,12,-1,-1,-1,4
1313,T22,T37,25,18,37,15,-1,15,03T22@1,04T37@2,17,25,-1,-1,2
56,T23,OTHER,25,3,54,0,-1,-1,08T23@4,BUYER,0,25,-1,-1,5
1681,T35,T22,25,4,17,25,-1,25,05T35@2,06T22@3,17,-1,-1,-1,3
254,OTHER,T40,25,2,10,0,-1,-1,SELLER,00T40@0,0,25,-1,-1,0
1525,T22,T22,25,6,44,-1,-1,20,07T22@3,09T22@4,7,-1,-1,-1,4
1299,T22,T35,25,18,37,15,-1,15,03T22@1,05T35@2,17,-1,-1,-1,2
244,OTHER,T40,25,3,10,0,-1,-1,SELLER,00T40@0,0,25,-1,-1,0
1671,T23,T37,25,5,1,24,-1,24,02T23@1,04T37@2,7,25,-1,-1,2
1629,T23,T37,25,1,2,23,-1,23,02T23@1,04T37@2,10,25,-1,-1,2
1670,T23,T37,25,1,5,24,-1,24,02T23@1,04T37@2,14,25,-1,-1,2
582,T22,OTHER,25,1,54,-1,-1,-1,09T22@4,BUYER,0,-1,-1,-1,5
1612,T23,T35,25,25,6,23,-1,23,02T23@1,05T35@2,15,-1,-1,-1,2
1022,T22,T23,25,1,44,8,-1,8,07T22@3,08T23@4,12,25,-1,-1,4
257,OTHER,T22,25,2,10,0,-1,-1,SELLER,01T22@0,0,25,-1,-1,0
1457,T40,T22,25,12,22,19,-1,19,00T40@0,03T22@1,17,25,-1,-1,1
207,T22,OTHER,25,5,54,0,-1,-1,09T22@4,BUYER,0,25,-1,-1,5
418,OTHER,T22,25,3,10,0,-1,-1,SELLER,01T22@0,0,25,-1,-1,0
428,T23,OTHER,25,2,54,0,-1,-1,08T23@4,BUYER,0,25,-1,-1,5
1374,T22,T23,25,17,26,17,-1,17,01T22@0,02T23@1,13,25,-1,-1,1
475,OTHER,T40,25,3,10,0,-1,-1,SELLER,00T40@0,0,25,-1,-1,0
1467,T40,T23,25,8,27,19,-1,19,00T40@0,02T23@1,12,25,-1,-1,1
1423,T22,T22,25,27,44,18,-1,18,06T22@3,09T22@4,2,25,-1,-1,4
174,OTHER,T22,25,4,10,0,-1,-1,SELLER,01T22@0,0,25,-1,-1,0
1617,T22,T22,26,17,22,23,-1,23,01T22@0,03T22@1,17,26,-1,-1,1
1331,T22,T35,26,1,36,16,-1,16,03T22@1,05T35@2,17,-1,-1,-1,2
1726,T22,T23,26,3,62,26,-1,26,07T22@3,08T23@4,2,26,-1,-1,4
235,OTHER,T40,26,1,10,0,-1,-1,SELLER,00T40@0,0,26,-1,-1,0
285,OTHER,T22,26,3,10,0,-1,-1,SELLER,01T22@0,0,26,-1,-1,0
1611,T22,T23,26,14,25,23,-1,23,01T22@0,02T23@1,15,26,-1,-1,1
1566,T23,T35,26,9,6,22,-1,22,02T23@1,05T35@2,14,-1,-1,-1,2
389,OTHER,T40,26,3,10,0,-1,-1,SELLER,00T40@0,0,26,-1,-1,0
168,T22,OTHER,26,1,54,0,-1,-1,09T22@4,BUYER,0,26,-1,-1,5
1575,T22,T22,26,12,44,22,-1,22,06T22@3,09T22@4,6,26,-1,-1,4
1576,T37,T22,26,6,52,22,-1,22,04T37@2,07T22@3,17,26,-1,-1,3
1493,T23,T37,26,4,11,20,-1,20,02T23@1,04T37@2,2,26,-1,-1,2
147,OTHER,T22,26,3,10,0,-1,-1,SELLER,01T22@0,0,26,-1,-1,0
154,T23,OTHER,26,3,54,0,-1,-1,08T23@4,BUYER,0,26,-1,-1,5
377,T22,OTHER,26,2,54,0,-1,-1,09T22@4,BUYER,0,26,-1,-1,5
1597,T22,T22,26,2,7,22,-1,22,01T22@0,03T22@1,17,26,-1,-1,1
1598,T37,T22,26,18,34,-1,-1,22,04T37@2,07T22@3,2,-1,-1,-1,3
1440,T22,T23,26,3,81,-1,-1,18,07T22@3,08T23@4,13,-1,-1,-1,4
1599,T37,T22,26,18,34,-1,-1,22,04T37@2,06T22@3,2,-1,-1,-1,3
1740,T23,T37,26,3,2,-1,-1,26,02T23@1,04T37@2,10,-1,-1,-1,2
294,OTHER,T40,26,3,10,0,-1,-1,SELLER,00T40@0,0,26,-1,-1,0
414,OTHER,T22,26,2,10,0,-1,-1,SELLER,01T22@0,0,26,-1,-1,0
1640,T22,T23,26,10,70,-1,-1,23,06T22@3,08T23@4,2,-1,-1,-1,4
10,OTHER,T40,26,1,10,0,-1,-1,SELLER,00T40@0,0,26,-1,-1,0
1674,T37,T22,26,14,50,-1,-1,24,04T37@2,06T22@3,17,-1,-1,-1,3
1636,T22,T23,26,2,87,-1,-1,23,06T22@3,08T23@4,9,-1,-1,-1,4
196,T23,OTHER,26,3,54,0,-1,-1,08T23@4,BUYER,0,26,-1,-1,5
602,T22,OTHER,26,4,54,-1,-1,-1,09T22@4,BUYER,0,-1,-1,-1,5
1362,T35,T22,26,5,18,17,-1,17,05T35@2,07T22@3,17,-1,-1,-1,3
188,OTHER,T22,26,1,10,0,-1,-1,SELLER,01T22@0,0,26,-1,-1,0
601,T22,OTHER,26,3,54,-1,-1,-1,09T22@4,BUYER,0,-1,-1,-1,5
1379,T40,T22,26,13,20,17,-1,17,00T40@0,03T22@1,17,26,-1,-1,1
79,T23,OTHER,26,2,54,0,-1,-1,08T23@4,BUYER,0,26,-1,-1,5
1346,T35,T22,26,63,34,16,-1,16,05T35@2,07T22@3,2,-1,-1,-1,3
1548,T40,T23,26,12,28,21,-1,21,00T40@0,02T23@1,9,26,-1,-1,1
1370,T40,T23,26,14,26,17,-1,17,00T40@0,02T23@1,13,26,-1,-1,1
278,OTHER,T40,26,3,10,0,-1,-1,SELLER,00T40@0,0,26,-1,-1,0
404,T23,OTHER,26,2,54,0,-1,-1,08T23@4,BUYER,0,26,-1,-1,5
261,T23,OTHER,27,2,54,0,-1,-1,08T23@4,BUYER,0,27,-1,-1,5
1602,T22,T23,27,4,88,-1,-1,22,07T22@3,08T23@4,8,-1,-1,-1,4
1641,T37,T22,27,6,50,-1,-1,23,04T37@2,06T22@3,17,-1,-1,-1,3
1701,T23,T35,27,5,5,25,-1,25,02T23@1,05T35@2,14,-1,-1,-1,2
485,T23,OTHER,27,2,54,0,-1,-1,08T23@4,BUYER,0,27,-1,-1,5
419,T23,OTHER,27,1,54,0,-1,-1,08T23@4,BUYER,0,27,-1,-1,5
156,OTHER,T22,27,1,10,0,-1,-1,SELLER,01T22@0,0,27,-1,-1,0
1494,T22,T23,27,6,83,20,-1,20,06T22@3,08T23@4,13,27,-1,-1,4
192,T23,OTHER,27,3,54,0,-1,-1,08T23@4,BUYER,0,27,-1,-1,5
1609,T35,T22,27,3,18,23,-1,23,05T35@2,06T22@3,17,-1,-1,-1,3
292,OTHER,T40,27,3,10,0,-1,-1,SELLER,00T40@0,0,27,-1,-1,0
1634,T23,T37,27,1,13,23,-1,23,02T23@1,04T37@2,2,27,-1,-1,2
1643,T37,T22,27,23,53,-1,-1,23,04T37@2,07T22@3,17,-1,-1,-1,3
275,T22,OTHER,27,3,54,0,-1,-1,09T22@4,BUYER,0,27,-1,-1,5
73,OTHER,T22,27,2,10,0,-1,-1,SELLER,01T22@0,0,27,-1,-1,0
1444,T37,T22,27,6,50,19,-1,19,04T37@2,06T22@3,17,27,-1,-1,3
1545,T40,T22,27,13,22,21,-1,21,00T40@0,03T22@1,17,27,-1,-1,1
1520,T22,T23,27,6,44,-1,-1,20,07T22@3,08T23@4,5,-1,-1,-1,4
354,T22,OTHER,27,2,54,0,-1,-1,09T22@4,BUYER,0,27,-1,-1,5
1384,T22,T35,27,1,36,17,-1,17,03T22@1,05T35@2,17,-1,-1,-1,2
1531,T37,T22,27,5,52,21,-1,21,04T37@2,06T22@3,17,27,-1,-1,3
1554,T37,T22,27,6,50,21,-1,21,04T37@2,07T22@3,17,27,-1,-1,3
364,OTHER,T40,27,3,10,0,-1,-1,SELLER,00T40@0,0,27,-1,-1,0
1772,T22,T23,27,4,74,-1,-1,27,06T22@3,08T23@4,2,-1,-1,-1,4
1561,T22,T22,27,5,65,-1,-1,21,07T22@3,09T22@4,17,-1,-1,-1,4
1543,T23,T37,27,6,8,21,-1,21,02T23@1,04T37@2,2,27,-1,-1,2
432,OTHER,T22,27,4,10,0,-1,-1,SELLER,01T22@0,0,27,-1,-1,0
411,OTHER,T22,27,4,10,0,-1,-1,SELLER,01T22@0,0,27,-1,-1,0
1511,T37,T22,27,6,50,20,-1,20,04T37@2,07T22@3,17,27,-1,-1,3
44,T23,OTHER,27,2,54,0,-1,-1,08T23@4,BUYER,0,27,-1,-1,5
1443,T22,T22,27,32,44,-1,-1,18,07T22@3,09T22@4,2,-1,-1,-1,4
1769,T22,T23,27,2,71,-1,-1,27,06T22@3,08T23@4,2,-1,-1,-1,4
1565,T22,T23,27,17,27,22,-1,22,01T22@0,02T23@1,11,27,-1,-1,1
1770,T22,T23,27,2,83,-1,-1,27,07T22@3,08T23@4,2,-1,-1,-1,4
203,OTHER,T22,27,1,10,0,-1,-1,SELLER,01T22@0,0,27,-1,-1,0
309,OTHER,T40,27,2,10,0,-1,-1,SELLER,00T40@0,0,27,-1,-1,0
1146,T22,T23,27,8,41,11,-1,11,06T22@3,08T23@4,11,27,-1,-1,4
320,T23,OTHER,27,5,54,0,-1,-1,08T23@4,BUYER,0,27,-1,-1,5
1570,T22,T23,27,11,26,22,-1,22,01T22@0,02T23@1,13,27,-1,-1,1
1585,T37,T22,27,5,52,22,-1,22,04T37@2,07T22@3,17,27,-1,-1,3
1541,T40,T22,27,21,14,21,-1,21,00T40@0,03T22@1,2,27,-1,-1,1
43,OTHER,T40,28,1,10,0,-1,-1,SELLER,00T40@0,0,28,-1,-1,0
1774,T22,T23,28,3,84,28,-1,28,06T22@3,08T23@4,2,28,-1,-1,4
273,OTHER,T22,28,1,10,0,-1,-1,SELLER,01T22@0,0,28,-1,-1,0
1434,T22,T22,28,9,67,18,-1,18,07T22@3,09T22@4,17,28,-1,-1,4
26,OTHER,T22,28,3,10,0,-1,-1,SELLER,01T22@0,0,28,-1,-1,0
1792,T22,T23,28,5,37,28,-1,28,07T22@3,08T23@4,13,28,-1,-1,4
1743,T22,T23,28,10,70,-1,-1,26,07T22@3,08T23@4,2,-1,-1,-1,4
49,T22,OTHER,28,4,54,0,-1,-1,09T22@4,BUYER,0,28,-1,-1,5
1464,T22,T23,28,7,27,19,-1,19,01T22@0,02T23@1,13,28,-1,-1,1
19,OTHER,T40,28,3,10,0,-1,-1,SELLER,00T40@0,0,28,-1,-1,0
31,T22,OTHER,28,1,54,0,-1,-1,09T22@4,BUYER,0,28,-1,-1,5
1800,T22,T23,28,15,79,-1,-1,28,07T22@3,08T23@4,2,-1,-1,-1,4
1688,T23,T37,28,2,1,25,-1,25,02T23@1,04T37@2,11,28,-1,-1,2
1691,T35,T22,28,6,18,25,-1,25,05T35@2,06T22@3,17,-1,-1,-1,3
1446,T35,T22,28,5,18,19,-1,19,05T35@2,07T22@3,17,-1,-1,-1,3
1428,T35,T22,28,24,34,18,-1,18,05T35@2,06T22@3,2,-1,-1,-1,3
1707,T22,T23,28,10,86,-1,-1,25,06T22@3,08T23@4,2,-1,-1,-1,4
498,T22,OTHER,28,2,54,0,-1,-1,09T22@4,BUYER,0,28,-1,-1,5
1741,T22,T22,28,8,24,-1,-1,26,06T22@3,09T22@4,17,-1,-1,-1,4
1767,T22,T23,28,9,82,-1,-1,27,06T22@3,08T23@4,2,-1,-1,-1,4
1426,T22,T23,28,5,86,18,-1,18,06T22@3,08T23@4,11,28,-1,-1,4
1492,T22,T22,28,9,67,20,-1,20,06T22@3,09T22@4,17,28,-1,-1,4
1413,T35,T22,28,50,34,18,-1,18,05T35@2,07T22@3,2,-1,-1,-1,3
1610,T22,T23,28,7,26,23,-1,23,06T22@3,08T23@4,16,28,-1,-1,4
1605,T22,T35,28,17,35,23,-1,23,03T22@1,05T35@2,17,-1,-1,-1,2
239,OTHER,T40,28,2,10,0,-1,-1,SELLER,00T40@0,0,28,-1,-1,0
1596,T22,T22,28,14,22,22,-1,22,01T22@0,03T22@1,17,28,-1,-1,1
1586,T22,T23,28,5,40,22,-1,22,07T22@3,08T23@4,12,28,-1,-1,4
526,OTHER,T22,28,4,10,-1,-1,-1,SELLER,01T22@0,0,-1,-1,-1,0
252,T23,OTHER,28,3,54,0,-1,-1,08T23@4,BUYER,0,28,-1,-1,5
1509,T40,T23,28,12,28,20,-1,20,00T40@0,02T23@1,13,28,-1,-1,1
1514,T23,T37,28,2,18,20,-1,20,02T23@1,04T37@2,4,28,-1,-1,2
1516,T35,T22,28,5,18,20,-1,20,05T35@2,07T22@3,17,-1,-1,-1,3
1551,T22,T37,28,31,35,21,-1,21,03T22@1,04T37@2,17,28,-1,-1,2
549,OTHER,T22,28,3,10,-1,-1,-1,SELLER,01T22@0,0,-1,-1,-1,0
1538,T35,T22,28,4,18,21,-1,21,05T35@2,07T22@3,17,-1,-1,-1,3
543,OTHER,T22,28,3,10,-1,-1,-1,SELLER,01T22@0,0,-1,-1,-1,0
223,T23,OTHER,28,2,54,0,-1,-1,08T23@4,BUYER,0,28,-1,-1,5
433,T23,OTHER,28,3,54,0,-1,-1,08T23@4,BUYER,0,28,-1,-1,5
557,T22,OTHER,28,3,54,-1,-1,-1,09T22@4,BUYER,0,-1,-1,-1,5
1631,T40,T23,28,10,26,23,-1,23,00T40@0,02T23@1,13,28,-1,-1,1
1768,T23,T37,28,22,3,-1,-1,27,02T23@1,04T37@2,2,-1,-1,-1,2
1639,T37,T22,28,5,50,-1,-1,23,04T37@2,07T22@3,17,-1,-1,-1,3
1417,T22,T37,28,1,36,18,-1,18,03T22@1,04T37@2,17,28,-1,-1,2
76,T23,OTHER,28,2,54,0,-1,-1,08T23@4,BUYER,0,28,-1,-1,5
1425,T22,T35,28,1,36,18,-1,18,03T22@1,05T35@2,17,-1,-1,-1,2
1484,T37,T22,28,5,50,20,-1,20,04T37@2,07T22@3,17,28,-1,-1,3
1422,T23,T37,28,1,6,18,-1,18,02T23@1,04T37@2,2,28,-1,-1,2
1637,T37,T22,28,8,34,-1,-1,23,04T37@2,07T22@3,6,-1,-1,-1,3
421,OTHER,T40,29,3,10,0,-1,-1,SELLER,00T40@0,0,29,-1,-1,0
53,OTHER,T40,29,1,10,0,-1,-1,SELLER,00T40@0,0,29,-1,-1,0
1480,T22,T37,29,19,37,19,-1,19,03T22@1,04T37@2,17,29,-1,-1,2
1663,T22,T35,29,17,35,24,-1,24,03T22@1,05T35@2,17,-1,-1,-1,2
366,OTHER,T40,29,2,10,0,-1,-1,SELLER,00T40@0,0,29,-1,-1,0
325,T23,OTHER,29,1,54,0,-1,-1,08T23@4,BUYER,0,29,-1,-1,5
552,T22,OTHER,29,7,54,-1,-1,-1,09T22@4,BUYER,0,-1,-1,-1,5
136,OTHER,T40,29,4,10,0,-1,-1,SELLER,00T40@0,0,29,-1,-1,0
133,OTHER,T40,29,2,10,0,-1,-1,SELLER,00T40@0,0,29,-1,-1,0
1789,T23,T37,29,1,3,28,-1,28,02T23@1,04T37@2,11,29,-1,-1,2
1744,T22,T23,29,4,43,-1,-1,26,06T22@3,08T23@4,9,-1,-1,-1,4
1753,T22,T22,29,11,14,27,-1,27,01T22@0,03T22@1,2,29,-1,-1,1
1651,T22,T37,29,17,35,24,-1,24,03T22@1,04T37@2,17,29,-1,-1,2
1544,T22,T35,29,31,37,21,-1,21,03T22@1,05T35@2,17,-1,-1,-1,2
1649,T37,T22,29,36,53,24,-1,24,04T37@2,07T22@3,17,29,-1,-1,3
464,T23,OTHER,29,3,54,0,-1,-1,08T23@4,BUYER,0,29,-1,-1,5
1759,T40,T22,29,5,7,27,-1,27,00T40@0,03T22@1,17,29,-1,-1,1
1773,T22,T23,29,14,76,-1,-1,27,07T22@3,08T23@4,2,-1,-1,-1,4
1764,T23,T37,29,4,1,27,-1,27,02T23@1,04T37@2,8,29,-1,-1,2
129,T23,OTHER,29,4,54,0,-1,-1,08T23@4,BUYER,0,29,-1,-1,5
1479,T22,T35,29,19,37,19,-1,19,03T22@1,05T35@2,17,-1,-1,-1,2
502,OTHER,T40,29,3,10,0,-1,-1,SELLER,00T40@0,0,29,-1,-1,0
436,T22,OTHER,29,1,54,0,-1,-1,09T22@4,BUYER,0,29,-1,-1,5
1505,T22,T22,29,11,67,20,-1,20,06T22@3,09T22@4,17,29,-1,-1,4
1673,T40,T23,29,10,28,24,-1,24,00T40@0,02T23@1,10,29,-1,-1,1
1470,T22,T23,29,15,77,19,-1,19,06T22@3,08T23@4,14,29,-1,-1,4
500,T22,OTHER,29,2,54,0,-1,-1,09T22@4,BUYER,0,29,-1,-1,5
1616,T22,T22,29,7,44,23,-1,23,06T22@3,09T22@4,2,29,-1,-1,4
1838,T40,T22,29,20,14,-1,-1,29,00T40@0,03T22@1,2,-1,-1,-1,1
1832,T37,T22,29,1,17,-1,-1,29,04T37@2,07T22@3,17,-1,-1,-1,3
1695,T22,T35,29,5,13,25,-1,25,03T22@1,05T35@2,17,-1,-1,-1,2
1697,T23,T37,29,2,10,25,-1,25,02T23@1,04T37@2,16,29,-1,-1,2
387,T22,OTHER,29,2,54,0,-1,-1,09T22@4,BUYER,0,29,-1,-1,5
517,OTHER,T22,29,5,10,-1,-1,-1,SELLER,01T22@0,0,-1,-1,-1,0
1682,T22,T37,29,5,13,25,-1,25,03T22@1,04T37@2,17,29,-1,-1,2
1644,T22,T22,30,5,67,-1,-1,23,06T22@3,09T22@4,17,-1,-1,-1,4
1491,T35,T22,30,69,34,20,-1,20,05T35@2,06T22@3,2,-1,-1,-1,3
646,T22,OTHER,30,2,54,-1,-1,-1,09T22@4,BUYER,0,-1,-1,-1,5
1528,T37,T22,30,23,49,21,-1,21,04T37@2,06T22@3,17,30,-1,-1,3
1680,T22,T23,30,4,26,25,-1,25,01T22@0,02T23@1,13,30,-1,-1,1
466,T23,OTHER,30,2,54,0,-1,-1,08T23@4,BUYER,0,30,-1,-1,5
1685,T22,T22,30,38,69,25,-1,25,07T22@3,09T22@4,17,30,-1,-1,4
1590,T22,T23,30,5,84,22,-1,22,06T22@3,08T23@4,11,30,-1,-1,4
1700,T40,T23,30,16,25,25,-1,25,00T40@0,02T23@1,14,30,-1,-1,1
1381,T22,T23,30,8,39,17,-1,17,06T22@3,08T23@4,13,30,-1,-1,4
1553,T22,T23,30,4,86,21,-1,21,07T22@3,08T23@4,13,30,-1,-1,4
445,OTHER,T40,30,1,10,0,-1,-1,SELLER,00T40@0,0,30,-1,-1,0
585,T22,OTHER,30,3,54,-1,-1,-1,09T22@4,BUYER,0,-1,-1,-1,5
363,T22,OTHER,30,1,54,0,-1,-1,09T22@4,BUYER,0,30,-1,-1,5
1702,T22,T35,30,1,36,25,-1,25,03T22@1,05T35@2,17,-1,-1,-1,2
1557,T22,T23,30,17,26,21,-1,21,01T22@0,02T23@1,14,30,-1,-1,1
1500,T22,T35,30,1,36,20,-1,20,03T22@1,05T35@2,17,-1,-1,-1,2
613,OTHER,T22,30,1,10,-1,-1,-1,SELLER,01T22@0,0,-1,-1,-1,0
1503,T22,T23,30,16,27,20,-1,20,01T22@0,02T23@1,11,30,-1,-1,1
1593,T37,T22,30,23,49,22,-1,22,04T37@2,07T22@3,17,30,-1,-1,3
527,OTHER,T22,30,4,10,-1,-1,-1,SELLER,01T22@0,0,-1,-1,-1,0
593,OTHER,T22,30,2,10,-1,-1,-1,SELLER,01T22@0,0,-1,-1,-1,0
358,T22,OTHER,30,3,54,0,-1,-1,09T22@4,BUYER,0,30,-1,-1,5
1710,T22,T23,30,17,88,-1,-1,25,07T22@3,08T23@4,12,-1,-1,-1,4
127,OTHER,T40,30,4,10,0,-1,-1,SELLER,00T40@0,0,30,-1,-1,0
220,T23,OTHER,30,3,54,0,-1,-1,08T23@4,BUYER,0,30,-1,-1,5
82,OTHER,T40,30,4,10,0,-1,-1,SELLER,00T40@0,0,30,-1,-1,0
74,OTHER,T40,30,2,10,0,-1,-1,SELLER,00T40@0,0,30,-1,-1,0
236,OTHER,T40,30,2,10,0,-1,-1,SELLER,00T40@0,0,30,-1,-1,0
114,T23,OTHER,30,3,54,0,-1,-1,08T23@4,BUYER,0,30,-1,-1,5
1828,T22,T23,30,2,49,-1,-1,29,06T22@3,08T23@4,2,-1,-1,-1,4
95,T23,OTHER,30,3,54,0,-1,-1,08T23@4,BUYER,0,30,-1,-1,5
1814,T23,T37,30,1,2,29,-1,29,02T23@1,04T37@2,10,30,-1,-1,2
1858,T22,T23,31,9,42,30,-1,30,07T22@3,08T23@4,14,31,-1,-1,4
209,T23,OTHER,31,2,54,0,-1,-1,08T23@4,BUYER,0,31,-1,-1,5
628,T22,OTHER,31,4,54,-1,-1,-1,09T22@4,BUYER,0,-1,-1,-1,5
644,OTHER,T22,31,2,10,-1,-1,-1,SELLER,01T22@0,0,-1,-1,-1,0
1699,T35,T22,31,22,34,25,-1,25,05T35@2,07T22@3,2,-1,-1,-1,3
169,T22,OTHER,31,2,54,0,-1,-1,09T22@4,BUYER,0,31,-1,-1,5
395,OTHER,T40,31,3,10,0,-1,-1,SELLER,00T40@0,0,31,-1,-1,0
427,T23,OTHER,31,2,54,0,-1,-1,08T23@4,BUYER,0,31,-1,-1,5
1603,T35,T22,31,5,18,23,-1,23,05T35@2,06T22@3,17,-1,-1,-1,3
267,T22,OTHER,31,1,54,0,-1,-1,09T22@4,BUYER,0,31,-1,-1,5
130,T23,OTHER,31,2,54,0,-1,-1,08T23@4,BUYER,0,31,-1,-1,5
572,OTHER,T22,31,3,10,-1,-1,-1,SELLER,01T22@0,0,-1,-1,-1,0
1900,T22,T22,31,45,44,-1,-1,31,07T22@3,09T22@4,2,-1,-1,-1,4
1906,T37,T22,31,6,17,-1,-1,31,04T37@2,06T22@3,17,-1,-1,-1,3
1584,T35,T22,31,28,34,22,-1,22,05T35@2,06T22@3,5,-1,-1,-1,3
1579,T22,T22,31,5,67,22,-1,22,07T22@3,09T22@4,17,31,-1,-1,4
1572,T35,T22,31,46,34,22,-1,22,05T35@2,06T22@3,2,-1,-1,-1,3
1911,T23,T37,31,4,4,-1,-1,31,02T23@1,04T37@2,14,-1,-1,-1,2
121,OTHER,T40,31,2,10,0,-1,-1,SELLER,00T40@0,0,31,-1,-1,0
1324,T22,T23,31,3,37,16,-1,16,07T22@3,08T23@4,13,31,-1,-1,4
232,OTHER,T40,31,2,10,0,-1,-1,SELLER,00T40@0,0,31,-1,-1,0
554,OTHER,T22,31,4,10,-1,-1,-1,SELLER,01T22@0,0,-1,-1,-1,0
1555,T22,T23,31,5,80,21,-1,21,06T22@3,08T23@4,13,31,-1,-1,4
1766,T22,T37,31,5,13,27,-1,27,03T22@1,04T37@2,17,31,-1,-1,2
380,OTHER,T40,31,2,10,0,-1,-1,SELLER,00T40@0,0,31,-1,-1,0
550,OTHER,T22,31,2,10,-1,-1,-1,SELLER,01T22@0,0,-1,-1,-1,0
1788,T23,T37,31,2,3,28,-1,28,02T23@1,04T37@2,2,31,-1,-1,2
370,T23,OTHER,31,3,54,0,-1,-1,08T23@4,BUYER,0,31,-1,-1,5
1739,T22,T23,31,21,87,-1,-1,26,07T22@3,08T23@4,10,-1,-1,-1,4
1461,T22,T23,31,9,43,19,-1,19,06T22@3,08T23@4,9,31,-1,-1,4
1798,T22,T23,31,32,12,-1,-1,28,01T22@0,02T23@1,13,-1,-1,-1,1
1723,T40,T23,31,15,25,26,-1,26,00T40@0,02T23@1,14,31,-1,-1,1
324,T23,OTHER,31,4,54,0,-1,-1,08T23@4,BUYER,0,31,-1,-1,5
1797,T40,T23,31,63,15,-1,-1,28,00T40@0,02T23@1,2,-1,-1,-1,1
359,T22,OTHER,32,3,54,0,-1,-1,09T22@4,BUYER,0,32,-1,-1,5
540,OTHER,T22,32,6,10,-1,-1,-1,SELLER,01T22@0,0,-1,-1,-1,0
1738,T22,T22,32,25,64,-1,-1,26,07T22@3,09T22@4,17,-1,-1,-1,4
574,OTHER,T22,32,2,10,-1,-1,-1,SELLER,01T22@0,0,-1,-1,-1,0
1946,T37,T22,32,29,34,-1,-1,32,04T37@2,07T22@3,2,-1,-1,-1,3
537,OTHER,T40,32,3,10,-1,-1,-1,SELLER,00T40@0,0,-1,-1,-1,0
1837,T22,T23,32,3,59,-1,-1,29,07T22@3,08T23@4,2,-1,-1,-1,4
473,T23,OTHER,32,1,54,0,-1,-1,08T23@4,BUYER,0,32,-1,-1,5
1658,T22,T23,32,7,27,24,-1,24,01T22@0,02T23@1,13,32,-1,-1,1
253,T23,OTHER,32,3,54,0,-1,-1,08T23@4,BUYER,0,32,-1,-1,5
600,T22,OTHER,32,2,54,-1,-1,-1,09T22@4,BUYER,0,-1,-1,-1,5
1867,T23,T37,32,1,2,30,-1,30,02T23@1,04T37@2,11,32,-1,-1,2
7,T22,OTHER,32,4,54,0,-1,-1,09T22@4,BUYER,0,32,-1,-1,5
611,OTHER,T22,32,1,10,-1,-1,-1,SELLER,01T22@0,0,-1,-1,-1,0
218,T23,OTHER,32,4,54,0,-1,-1,08T23@4,BUYER,0,32,-1,-1,5
612,OTHER,T40,32,3,10,-1,-1,-1,SELLER,00T40@0,0,-1,-1,-1,0
568,OTHER,T40,32,2,10,-1,-1,-1,SELLER,00T40@0,0,-1,-1,-1,0
544,OTHER,T22,32,1,10,-1,-1,-1,SELLER,01T22@0,0,-1,-1,-1,0
1799,T37,T22,32,3,18,-1,-1,28,04T37@2,07T22@3,17,-1,-1,-1,3
176,T22,OTHER,32,1,54,0,-1,-1,09T22@4,BUYER,0,32,-1,-1,5
22,OTHER,T40,32,2,10,0,-1,-1,SELLER,00T40@0,0,32,-1,-1,0
1567,T22,T35,32,17,37,22,-1,22,03T22@1,05T35@2,17,-1,-1,-1,2
1705,T22,T22,32,11,44,25,-1,25,07T22@3,09T22@4,6,32,-1,-1,4
372,T23,OTHER,32,2,54,0,-1,-1,08T23@4,BUYER,0,32,-1,-1,5
1802,T37,T22,32,3,18,-1,-1,28,04T37@2,06T22@3,17,-1,-1,-1,3
1816,T22,T22,32,5,8,29,-1,29,01T22@0,03T22@1,18,32,-1,-1,1
1977,T22,T23,33,8,42,-1,-1,33,07T22@3,08T23@4,11,-1,-1,-1,4
212,T23,OTHER,33,2,54,0,-1,-1,08T23@4,BUYER,0,33,-1,-1,5
1607,T22,T23,33,9,84,23,-1,23,06T22@3,08T23@4,14,33,-1,-1,4
529,OTHER,T22,33,1,10,-1,-1,-1,SELLER,01T22@0,0,-1,-1,-1,0
1736,T23,T37,33,4,21,26,-1,26,02T23@1,04T37@2,2,33,-1,-1,2
1845,T22,T23,33,1,83,30,-1,30,07T22@3,08T23@4,13,33,-1,-1,4
1803,T22,T23,33,1,87,-1,-1,28,07T22@3,08T23@4,13,-1,-1,-1,4
532,OTHER,T40,33,2,10,-1,-1,-1,SELLER,00T40@0,0,-1,-1,-1,0
18,T22,OTHER,33,1,54,0,-1,-1,09T22@4,BUYER,0,33,-1,-1,5
1650,T22,T22,33,17,20,24,-1,24,01T22@0,03T22@1,17,33,-1,-1,1
206,T23,OTHER,33,1,54,0,-1,-1,08T23@4,BUYER,0,33,-1,-1,5
1619,T22,T23,33,17,26,23,-1,23,01T22@0,02T23@1,12,33,-1,-1,1
1633,T22,T22,33,17,64,23,-1,23,07T22@3,09T22@4,17,33,-1,-1,4
624,OTHER,T40,33,2,10,-1,-1,-1,SELLER,00T40@0,0,-1,-1,-1,0
344,T22,OTHER,33,2,54,0,-1,-1,09T22@4,BUYER,0,33,-1,-1,5
1925,T23,T37,33,2,2,32,-1,32,02T23@1,04T37@2,11,33,-1,-1,2
375,T23,OTHER,33,4,54,0,-1,-1,08T23@4,BUYER,0,33,-1,-1,5
1660,T22,T23,33,6,88,24,-1,24,07T22@3,08T23@4,11,33,-1,-1,4
1669,T22,T23,33,4,28,24,-1,24,01T22@0,02T23@1,9,33,-1,-1,1
588,T22,OTHER,33,3,54,-1,-1,-1,09T22@4,BUYER,0,-1,-1,-1,5
1810,T23,T37,33,4,8,29,-1,29,02T23@1,04T37@2,16,33,-1,-1,2
1780,T40,T22,33,13,14,28,-1,28,00T40@0,03T22@1,8,33,-1,-1,1
1745,T22,T23,33,5,27,27,-1,27,01T22@0,02T23@1,12,33,-1,-1,1
563,OTHER,T22,33,1,10,-1,-1,-1,SELLER,01T22@0,0,-1,-1,-1,0
525,OTHER,T22,33,4,10,-1,-1,-1,SELLER,01T22@0,0,-1,-1,-1,0
1776,T40,T23,33,2,23,28,-1,28,00T40@0,02T23@1,16,33,-1,-1,1
1730,T22,T23,33,3,28,26,-1,26,01T22@0,02T23@1,11,33,-1,-1,1
458,T23,OTHER,33,1,54,0,-1,-1,08T23@4,BUYER,0,33,-1,-1,5
976,T22,T23,33,4,44,7,-1,7,07T22@3,08T23@4,5,33,-1,-1,4
633,OTHER,T40,33,2,10,-1,-1,-1,SELLER,00T40@0,0,-1,-1,-1,0
1853,T22,T37,33,6,24,30,-1,30,03T22@1,04T37@2,8,33,-1,-1,2
640,T22,OTHER,33,3,54,-1,-1,-1,09T22@4,BUYER,0,-1,-1,-1,5
577,OTHER,T22,33,2,10,-1,-1,-1,SELLER,01T22@0,0,-1,-1,-1,0
639,OTHER,T40,33,3,10,-1,-1,-1,SELLER,00T40@0,0,-1,-1,-1,0
1742,T22,T22,33,13,44,-1,-1,26,07T22@3,09T22@4,2,-1,-1,-1,4
503,OTHER,T22,33,3,10,-1,-1,-1,SELLER,01T22@0,0,-1,-1,-1,0
1606,T22,T23,33,6,80,23,-1,23,07T22@3,08T23@4,14,33,-1,-1,4
1839,T37,T22,33,3,18,-1,-1,29,04T37@2,06T22@3,17,-1,-1,-1,3
1890,T40,T22,33,5,7,31,-1,31,00T40@0,03T22@1,17,33,-1,-1,1
1834,T22,T23,33,1,81,-1,-1,29,07T22@3,08T23@4,14,-1,-1,-1,4
337,T23,OTHER,33,3,54,0,-1,-1,08T23@4,BUYER,0,33,-1,-1,5
124,T22,OTHER,34,1,54,0,-1,-1,09T22@4,BUYER,0,34,-1,-1,5
530,OTHER,T22,34,4,10,-1,-1,-1,SELLER,01T22@0,0,-1,-1,-1,0
1870,T22,T22,34,5,65,-1,-1,30,06T22@3,09T22@4,17,-1,-1,-1,4
119,T23,OTHER,34,2,54,0,-1,-1,08T23@4,BUYER,0,34,-1,-1,5
1877,T37,T22,34,5,52,31,-1,31,04T37@2,06T22@3,17,34,-1,-1,3
132,T23,OTHER,34,2,54,0,-1,-1,08T23@4,BUYER,0,34,-1,-1,5
589,T22,OTHER,34,4,54,-1,-1,-1,09T22@4,BUYER,0,-1,-1,-1,5
1859,T22,T22,34,7,44,30,-1,30,07T22@3,09T22@4,2,34,-1,-1,4
1938,T22,T23,34,1,88,-1,-1,32,07T22@3,08T23@4,14,-1,-1,-1,4
33,T22,OTHER,34,1,54,0,-1,-1,09T22@4,BUYER,0,34,-1,-1,5
2008,T22,T23,34,2,42,-1,-1,34,06T22@3,08T23@4,10,-1,-1,-1,4
1865,T23,T37,34,4,1,30,-1,30,02T23@1,04T37@2,11,34,-1,-1,2
1716,T37,T22,34,5,50,26,-1,26,04T37@2,07T22@3,17,34,-1,-1,3
1862,T22,T23,34,7,44,30,-1,30,07T22@3,08T23@4,12,34,-1,-1,4
1771,T37,T22,34,5,52,-1,-1,27,04T37@2,06T22@3,17,-1,-1,-1,3
1675,T37,T22,34,36,49,-1,-1,24,04T37@2,06T22@3,17,-1,-1,-1,3
642,OTHER,T22,34,1,10,-1,-1,-1,SELLER,01T22@0,0,-1,-1,-1,0
282,T23,OTHER,34,1,54,0,-1,-1,08T23@4,BUYER,0,34,-1,-1,5
520,OTHER,T22,34,4,10,-1,-1,-1,SELLER,01T22@0,0,-1,-1,-1,0
1659,T40,T22,34,11,20,24,-1,24,00T40@0,03T22@1,17,34,-1,-1,1
629,OTHER,T40,34,4,10,-1,-1,-1,SELLER,00T40@0,0,-1,-1,-1,0
1830,T22,T23,34,3,78,-1,-1,29,06T22@3,08T23@4,14,-1,-1,-1,4
400,T23,OTHER,34,3,54,0,-1,-1,08T23@4,BUYER,0,34,-1,-1,5
621,OTHER,T40,34,4,10,-1,-1,-1,SELLER,00T40@0,0,-1,-1,-1,0
155,T22,OTHER,34,3,54,0,-1,-1,09T22@4,BUYER,0,34,-1,-1,5
1823,T40,T23,34,3,21,29,-1,29,00T40@0,02T23@1,17,-1,-1,-1,1
508,OTHER,T40,34,1,10,-1,-1,-1,SELLER,00T40@0,0,-1,-1,-1,0
618,OTHER,T40,34,2,10,-1,-1,-1,SELLER,00T40@0,0,-1,-1,-1,0
1807,T37,T22,34,5,52,29,-1,29,04T37@2,07T22@3,17,34,-1,-1,3
1928,T40,T23,34,7,17,32,-1,32,00T40@0,02T23@1,2,-1,-1,-1,1
477,T23,OTHER,34,3,54,0,-1,-1,08T23@4,BUYER,0,34,-1,-1,5
1646,T22,T22,34,9,67,24,-1,24,07T22@3,09T22@4,17,34,-1,-1,4
548,OTHER,T22,35,1,10,-1,-1,-1,SELLER,01T22@0,0,-1,-1,-1,0
1835,T37,T22,35,5,52,-1,-1,29,04T37@2,07T22@3,17,-1,-1,-1,3
493,T22,OTHER,35,2,54,0,-1,-1,09T22@4,BUYER,0,35,-1,-1,5
579,OTHER,T40,35,4,10,-1,-1,-1,SELLER,00T40@0,0,-1,-1,-1,0
1795,T37,T22,35,5,52,28,-1,28,04T37@2,06T22@3,17,35,-1,-1,3
304,T22,OTHER,35,2,54,0,-1,-1,09T22@4,BUYER,0,35,-1,-1,5
1833,T22,T22,35,5,65,-1,-1,29,07T22@3,09T22@4,17,-1,-1,-1,4
296,T23,OTHER,35,3,54,0,-1,-1,08T23@4,BUYER,0,35,-1,-1,5
48,T23,OTHER,35,3,54,0,-1,-1,08T23@4,BUYER,0,35,-1,-1,5
1897,T22,T23,35,10,83,-1,-1,31,07T22@3,08T23@4,13,-1,-1,-1,4
1945,T37,T22,35,5,50,-1,-1,32,04T37@2,06T22@3,17,-1,-1,-1,3
645,T22,OTHER,35,6,54,-1,-1,-1,09T22@4,BUYER,0,-1,-1,-1,5
1997,T23,T37,35,2,6,34,-1,34,02T23@1,04T37@2,2,35,-1,-1,2
570,OTHER,T40,35,3,10,-1,-1,-1,SELLER,00T40@0,0,-1,-1,-1,0
647,OTHER,T22,35,3,10,-1,-1,-1,SELLER,01T22@0,0,-1,-1,-1,0
1784,T22,T23,35,2,19,28,-1,28,01T22@0,02T23@1,18,-1,-1,-1,1
1836,T22,T23,35,4,88,-1,-1,29,07T22@3,08T23@4,7,-1,-1,-1,4
513,OTHER,T22,35,5,10,-1,-1,-1,SELLER,01T22@0,0,-1,-1,-1,0
1940,T40,T23,35,6,26,-1,-1,32,00T40@0,02T23@1,2,-1,-1,-1,1
1704,T22,T37,35,1,36,25,-1,25,03T22@1,04T37@2,17,35,-1,-1,2
1908,T37,T22,35,11,34,-1,-1,31,04T37@2,07T22@3,2,-1,-1,-1,3
1692,T40,T22,35,18,20,25,-1,25,00T40@0,03T22@1,17,35,-1,-1,1
564,OTHER,T40,35,1,10,-1,-1,-1,SELLER,00T40@0,0,-1,-1,-1,0
1942,T37,T22,35,5,52,-1,-1,32,04T37@2,06T22@3,17,-1,-1,-1,3
1857,T40,T22,35,5,8,30,-1,30,00T40@0,03T22@1,17,35,-1,-1,1
1376,T22,T23,35,1,44,17,-1,17,07T22@3,08T23@4,4,35,-1,-1,4
143,T22,OTHER,35,3,54,0,-1,-1,09T22@4,BUYER,0,35,-1,-1,5
1855,T40,T23,35,4,28,30,-1,30,00T40@0,02T23@1,10,-1,-1,-1,1
1970,T37,T22,35,5,52,-1,-1,33,04T37@2,06T22@3,17,-1,-1,-1,3
1864,T22,T22,35,3,21,30,-1,30,01T22@0,03T22@1,17,35,-1,-1,1
521,OTHER,T40,35,1,10,-1,-1,-1,SELLER,00T40@0,0,-1,-1,-1,0
1871,T37,T22,35,5,50,-1,-1,30,04T37@2,06T22@3,17,-1,-1,-1,3
627,OTHER,T40,35,2,10,-1,-1,-1,SELLER,00T40@0,0,-1,-1,-1,0
1873,T37,T22,35,5,52,-1,-1,30,04T37@2,07T22@3,17,-1,-1,-1,3
1796,T37,T22,35,5,50,28,-1,28,04T37@2,06T22@3,17,35,-1,-1,3
60,T23,OTHER,35,1,54,0,-1,-1,08T23@4,BUYER,0,35,-1,-1,5
1887,T23,T37,35,2,6,31,-1,31,02T23@1,04T37@2,14,35,-1,-1,2
1840,T22,T22,35,5,65,-1,-1,29,06T22@3,09T22@4,17,-1,-1,-1,4
1885,T40,T22,35,5,14,31,-1,31,00T40@0,03T22@1,2,35,-1,-1,1
591,OTHER,T22,36,3,10,-1,-1,-1,SELLER,01T22@0,0,-1,-1,-1,0
634,OTHER,T22,36,1,10,-1,-1,-1,SELLER,01T22@0,0,-1,-1,-1,0
575,OTHER,T40,36,2,10,-1,-1,-1,SELLER,00T40@0,0,-1,-1,-1,0
620,OTHER,T40,36,2,10,-1,-1,-1,SELLER,00T40@0,0,-1,-1,-1,0
2079,T23,T37,36,2,1,-1,-1,36,02T23@1,04T37@2,11,-1,-1,-1,2
1635,T22,T23,36,2,40,23,-1,23,07T22@3,08T23@4,13,36,-1,-1,4
368,T22,OTHER,36,3,54,0,-1,-1,09T22@4,BUYER,0,36,-1,-1,5
580,OTHER,T22,36,3,10,-1,-1,-1,SELLER,01T22@0,0,-1,-1,-1,0
1941,T22,T22,36,5,65,-1,-1,32,06T22@3,09T22@4,17,-1,-1,-1,4
460,T23,OTHER,36,5,54,0,-1,-1,08T23@4,BUYER,0,36,-1,-1,5
462,T22,OTHER,36,1,54,0,-1,-1,09T22@4,BUYER,0,36,-1,-1,5
2082,T22,T23,36,6,43,-1,-1,36,07T22@3,08T23@4,16,-1,-1,-1,4
1891,T40,T23,36,4,28,31,-1,31,00T40@0,02T23@1,11,-1,-1,-1,1
260,T23,OTHER,36,1,54,0,-1,-1,08T23@4,BUYER,0,36,-1,-1,5
1731,T22,T37,36,1,36,26,-1,26,03T22@1,04T37@2,17,36,-1,-1,2
1872,T22,T23,36,3,88,-1,-1,30,06T22@3,08T23@4,7,-1,-1,-1,4
2012,T22,T22,36,5,14,35,-1,35,01T22@0,03T22@1,6,36,-1,-1,1
531,OTHER,T22,36,3,10,-1,-1,-1,SELLER,01T22@0,0,-1,-1,-1,0
1879,T37,T22,36,5,50,31,-1,31,04T37@2,07T22@3,17,36,-1,-1,3
284,T23,OTHER,36,2,54,0,-1,-1,08T23@4,BUYER,0,36,-1,-1,5
447,T23,OTHER,36,1,54,0,-1,-1,08T23@4,BUYER,0,36,-1,-1,5
221,T23,OTHER,36,3,54,0,-1,-1,08T23@4,BUYER,0,36,-1,-1,5
2036,T40,T22,36,5,14,-1,-1,35,00T40@0,03T22@1,2,-1,-1,-1,1
1831,T22,T23,36,5,85,-1,-1,29,06T22@3,08T23@4,12,-1,-1,-1,4
2078,T22,T23,36,32,17,-1,-1,36,01T22@0,02T23@1,2,-1,-1,-1,1
472,T23,OTHER,36,1,54,0,-1,-1,08T23@4,BUYER,0,36,-1,-1,5
1905,T22,T23,36,1,83,-1,-1,31,07T22@3,08T23@4,12,-1,-1,-1,4
597,T22,OTHER,36,3,54,-1,-1,-1,09T22@4,BUYER,0,-1,-1,-1,5
632,OTHER,T40,36,5,10,-1,-1,-1,SELLER,00T40@0,0,-1,-1,-1,0
569,OTHER,T40,36,1,10,-1,-1,-1,SELLER,00T40@0,0,-1,-1,-1,0
1904,T22,T23,36,14,83,-1,-1,31,06T22@3,08T23@4,13,-1,-1,-1,4
522,OTHER,T40,37,1,10,-1,-1,-1,SELLER,00T40@0,0,-1,-1,-1,0
2075,T22,T23,37,1,28,-1,-1,36,01T22@0,02T23@1,10,-1,-1,-1,1
2046,T22,T23,37,3,52,36,-1,36,07T22@3,08T23@4,2,37,-1,-1,4
1976,T37,T22,37,13,16,-1,-1,33,04T37@2,06T22@3,17,-1,-1,-1,3
2033,T23,T37,37,5,5,35,-1,35,02T23@1,04T37@2,14,-1,-1,-1,2
1936,T22,T23,37,1,86,-1,-1,32,06T22@3,08T23@4,15,-1,-1,-1,4
2002,T22,T22,37,9,24,34,-1,34,06T22@3,09T22@4,17,37,-1,-1,4
506,OTHER,T22,37,3,10,-1,-1,-1,SELLER,01T22@0,0,-1,-1,-1,0
2055,T40,T22,37,5,14,36,-1,36,00T40@0,03T22@1,6,37,-1,-1,1
149,T23,OTHER,37,2,54,0,-1,-1,08T23@4,BUYER,0,37,-1,-1,5
1937,T22,T23,37,1,88,-1,-1,32,07T22@3,08T23@4,8,-1,-1,-1,4
2016,T22,T23,37,5,25,35,-1,35,01T22@0,02T23@1,14,-1,-1,-1,1
2004,T22,T22,37,5,44,34,-1,34,06T22@3,09T22@4,5,37,-1,-1,4
1995,T22,T23,37,5,25,34,-1,34,01T22@0,02T23@1,15,-1,-1,-1,1
541,OTHER,T40,37,1,10,-1,-1,-1,SELLER,00T40@0,0,-1,-1,-1,0
504,OTHER,T22,37,3,10,-1,-1,-1,SELLER,01T22@0,0,-1,-1,-1,0
1962,T22,T23,37,1,87,33,-1,33,07T22@3,08T23@4,14,37,-1,-1,4
2115,T22,T23,37,14,48,-1,-1,37,07T22@3,08T23@4,2,-1,-1,-1,4
272,T23,OTHER,37,2,54,0,-1,-1,08T23@4,BUYER,0,37,-1,-1,5
1903,T22,T23,37,1,88,-1,-1,31,07T22@3,08T23@4,10,-1,-1,-1,4
379,T22,OTHER,37,1,54,0,-1,-1,09T22@4,BUYER,0,37,-1,-1,5
636,OTHER,T40,37,1,10,-1,-1,-1,SELLER,00T40@0,0,-1,-1,-1,0
443,T22,OTHER,37,3,54,0,-1,-1,09T22@4,BUYER,0,37,-1,-1,5
1829,T22,T23,37,10,30,-1,-1,29,07T22@3,08T23@4,16,-1,-1,-1,4
52,T23,OTHER,37,2,54,0,-1,-1,08T23@4,BUYER,0,37,-1,-1,5
1801,T22,T23,37,5,84,-1,-1,28,06T22@3,08T23@4,12,-1,-1,-1,4
594,OTHER,T40,37,3,10,-1,-1,-1,SELLER,00T40@0,0,-1,-1,-1,0
576,OTHER,T40,37,5,10,-1,-1,-1,SELLER,00T40@0,0,-1,-1,-1,0
92,T23,OTHER,37,3,54,0,-1,-1,08T23@4,BUYER,0,37,-1,-1,5
1749,T22,T37,37,19,37,27,-1,27,03T22@1,04T37@2,17,37,-1,-1,2
1755,T40,T23,37,14,26,27,-1,27,00T40@0,02T23@1,13,-1,-1,-1,1
614,T22,OTHER,37,4,54,-1,-1,-1,09T22@4,BUYER,0,-1,-1,-1,5
977,T22,T23,37,7,43,7,-1,7,06T22@3,08T23@4,2,37,-1,-1,4
234,T22,OTHER,37,2,54,0,-1,-1,09T22@4,BUYER,0,37,-1,-1,5
648,OTHER,T22,37,1,10,-1,-1,-1,SELLER,01T22@0,0,-1,-1,-1,0
617,T22,OTHER,37,1,54,-1,-1,-1,09T22@4,BUYER,0,-1,-1,-1,5
631,OTHER,T22,37,2,10,-1,-1,-1,SELLER,01T22@0,0,-1,-1,-1,0
1758,T23,T37,37,32,22,27,-1,27,02T23@1,04T37@2,2,-1,-1,-1,2
1657,T22,T23,37,8,44,24,-1,24,07T22@3,08T23@4,3,37,-1,-1,4
1956,T22,T22,38,3,21,33,-1,33,01T22@0,03T22@1,17,38,-1,-1,1
1874,T37,T22,38,40,34,-1,-1,30,04T37@2,07T22@3,2,-1,-1,-1,3
596,OTHER,T22,38,3,10,-1,-1,-1,SELLER,01T22@0,0,-1,-1,-1,0
535,OTHER,T40,38,3,10,-1,-1,-1,SELLER,00T40@0,0,-1,-1,-1,0
1,T22,OTHER,38,1,54,0,-1,-1,09T22@4,BUYER,0,38,-1,-1,5
1968,T22,T23,38,4,27,33,-1,33,01T22@0,02T23@1,15,-1,-1,-1,1
1964,T22,T37,38,1,36,33,-1,33,03T22@1,04T37@2,17,38,-1,-1,2
1987,T22,T23,38,3,78,34,-1,34,07T22@3,08T23@4,14,38,-1,-1,4
2037,T37,T22,38,18,34,-1,-1,35,04T37@2,06T22@3,2,-1,-1,-1,3
1339,T22,T23,38,6,40,16,-1,16,06T22@3,08T23@4,12,38,-1,-1,4
2149,T22,T23,38,3,64,-1,-1,38,06T22@3,08T23@4,2,-1,-1,-1,4
519,OTHER,T40,38,2,10,-1,-1,-1,SELLER,00T40@0,0,-1,-1,-1,0
524,OTHER,T22,38,2,10,-1,-1,-1,SELLER,01T22@0,0,-1,-1,-1,0
152,T23,OTHER,38,4,54,0,-1,-1,08T23@4,BUYER,0,38,-1,-1,5
619,T22,OTHER,38,2,54,-1,-1,-1,09T22@4,BUYER,0,-1,-1,-1,5
1869,T22,T23,38,5,74,-1,-1,30,06T22@3,08T23@4,15,-1,-1,-1,4
1993,T40,T22,38,3,21,34,-1,34,00T40@0,03T22@1,17,38,-1,-1,1
1929,T37,T22,38,6,52,32,-1,32,04T37@2,07T22@3,17,38,-1,-1,3
1994,T22,T23,38,2,44,34,-1,34,06T22@3,08T23@4,11,38,-1,-1,4
351,T23,OTHER,38,1,54,0,-1,-1,08T23@4,BUYER,0,38,-1,-1,5
553,OTHER,T22,38,3,10,-1,-1,-1,SELLER,01T22@0,0,-1,-1,-1,0
2084,T40,T23,38,18,13,-1,-1,36,00T40@0,02T23@1,8,-1,-1,-1,1
2089,T23,T37,38,3,1,37,-1,37,02T23@1,04T37@2,7,-1,-1,-1,2
352,T23,OTHER,38,2,54,0,-1,-1,08T23@4,BUYER,0,38,-1,-1,5
357,T23,OTHER,38,2,54,0,-1,-1,08T23@4,BUYER,0,38,-1,-1,5
2103,T23,T37,38,5,4,37,-1,37,02T23@1,04T37@2,12,-1,-1,-1,2
122,T23,OTHER,38,2,54,0,-1,-1,08T23@4,BUYER,0,38,-1,-1,5
2121,T22,T23,38,27,81,-1,-1,37,06T22@3,08T23@4,2,-1,-1,-1,4
310,T23,OTHER,38,3,54,0,-1,-1,08T23@4,BUYER,0,38,-1,-1,5
565,OTHER,T40,38,2,10,-1,-1,-1,SELLER,00T40@0,0,-1,-1,-1,0
409,T22,OTHER,38,3,54,0,-1,-1,09T22@4,BUYER,0,38,-1,-1,5
514,OTHER,T40,38,2,10,-1,-1,-1,SELLER,00T40@0,0,-1,-1,-1,0
1998,T40,T23,38,3,24,34,-1,34,00T40@0,02T23@1,15,-1,-1,-1,1
1898,T22,T23,38,5,74,-1,-1,31,06T22@3,08T23@4,16,-1,-1,-1,4
510,OTHER,T22,38,3,10,-1,-1,-1,SELLER,01T22@0,0,-1,-1,-1,0
1846,T22,T23,39,4,28,30,-1,30,01T22@0,02T23@1,9,-1,-1,-1,1
1100,T22,T23,39,5,36,10,-1,10,07T22@3,08T23@4,16,39,-1,-1,4
638,OTHER,T40,39,6,10,-1,-1,-1,SELLER,00T40@0,0,-1,-1,-1,0
1818,T22,T23,39,4,27,29,-1,29,01T22@0,02T23@1,11,-1,-1,-1,1
2161,T22,T22,39,2,14,39,-1,39,01T22@0,03T22@1,2,39,-1,-1,1
1817,T22,T22,39,3,21,29,-1,29,01T22@0,03T22@1,17,39,-1,-1,1
1996,T40,T23,39,5,25,34,-1,34,00T40@0,02T23@1,15,-1,-1,-1,1
1988,T22,T23,39,3,24,34,-1,34,01T22@0,02T23@1,15,-1,-1,-1,1
1985,T22,T22,39,3,21,34,-1,34,01T22@0,03T22@1,17,39,-1,-1,1
2013,T23,T37,39,5,7,35,-1,35,02T23@1,04T37@2,2,-1,-1,-1,2
2035,T22,T22,39,12,44,-1,-1,35,06T22@3,09T22@4,2,-1,-1,-1,4
637,T22,OTHER,39,4,54,-1,-1,-1,09T22@4,BUYER,0,-1,-1,-1,5
163,T23,OTHER,39,4,54,0,-1,-1,08T23@4,BUYER,0,39,-1,-1,5
1812,T40,T22,39,3,21,29,-1,29,00T40@0,03T22@1,17,39,-1,-1,1
2038,T22,T22,39,12,44,-1,-1,35,06T22@3,09T22@4,2,-1,-1,-1,4
2180,T22,T23,39,5,43,-1,-1,39,07T22@3,08T23@4,10,-1,-1,-1,4
146,T23,OTHER,39,5,54,0,-1,-1,08T23@4,BUYER,0,39,-1,-1,5
623,OTHER,T22,39,3,10,-1,-1,-1,SELLER,01T22@0,0,-1,-1,-1,0
1931,T37,T22,39,6,52,32,-1,32,04T37@2,07T22@3,17,39,-1,-1,3
231,T23,OTHER,39,1,54,0,-1,-1,08T23@4,BUYER,0,39,-1,-1,5
2086,T22,T22,39,12,24,-1,-1,36,06T22@3,09T22@4,17,-1,-1,-1,4
2090,T37,T22,39,6,52,37,-1,37,04T37@2,06T22@3,17,39,-1,-1,3
561,OTHER,T22,39,4,10,-1,-1,-1,SELLER,01T22@0,0,-1,-1,-1,0
1910,T22,T23,39,13,36,-1,-1,31,07T22@3,08T23@4,13,-1,-1,-1,4
2106,T40,T22,39,5,14,37,-1,37,00T40@0,03T22@1,7,39,-1,-1,1
566,OTHER,T40,39,1,10,-1,-1,-1,SELLER,00T40@0,0,-1,-1,-1,0
2110,T22,T23,39,6,16,37,-1,37,01T22@0,02T23@1,2,-1,-1,-1,1
1899,T22,T22,39,5,67,-1,-1,31,07T22@3,09T22@4,17,-1,-1,-1,4
538,OTHER,T40,39,2,10,-1,-1,-1,SELLER,00T40@0,0,-1,-1,-1,0
246,T22,OTHER,39,1,54,0,-1,-1,09T22@4,BUYER,0,39,-1,-1,5
1880,T37,T22,39,6,50,31,-1,31,04T37@2,06T22@3,17,39,-1,-1,3
2074,T22,T22,39,8,44,-1,-1,36,07T22@3,09T22@4,2,-1,-1,-1,4
1949,T22,T23,39,5,28,33,-1,33,01T22@0,02T23@1,8,-1,-1,-1,1
2019,T37,T22,39,6,52,35,-1,35,04T37@2,07T22@3,17,39,-1,-1,3
595,OTHER,T22,39,1,10,-1,-1,-1,SELLER,01T22@0,0,-1,-1,-1,0
1653,T22,T23,39,9,36,24,-1,24,06T22@3,08T23@4,14,39,-1,-1,4
1958,T22,T22,39,9,44,33,-1,33,07T22@3,09T22@4,2,39,-1,-1,4
2057,T37,T22,39,6,52,36,-1,36,04T37@2,07T22@3,17,39,-1,-1,3
598,OTHER,T40,39,1,10,-1,-1,-1,SELLER,00T40@0,0,-1,-1,-1,0
2148,T22,T23,39,7,84,-1,-1,38,06T22@3,08T23@4,2,-1,-1,-1,4
68,T23,OTHER,39,1,54,0,-1,-1,08T23@4,BUYER,0,39,-1,-1,5
536,OTHER,T40,39,2,10,-1,-1,-1,SELLER,00T40@0,0,-1,-1,-1,0
2058,T23,T37,39,9,18,36,-1,36,02T23@1,04T37@2,2,-1,-1,-1,2
402,T22,OTHER,39,4,54,0,-1,-1,09T22@4,BUYER,0,39,-1,-1,5
1841,T22,T23,40,14,80,30,-1,30,07T22@3,08T23@4,13,40,-1,-1,4
2150,T22,T23,40,17,80,-1,-1,38,07T22@3,08T23@4,2,-1,-1,-1,4
2096,T40,T22,40,5,14,37,-1,37,00T40@0,03T22@1,6,40,-1,-1,1
2097,T22,T23,40,1,28,37,-1,37,01T22@0,02T23@1,11,-1,-1,-1,1
1913,T22,T23,40,5,28,32,-1,32,01T22@0,02T23@1,8,-1,-1,-1,1
2032,T40,T22,40,3,21,35,-1,35,00T40@0,03T22@1,17,40,-1,-1,1
2003,T37,T22,40,6,50,34,-1,34,04T37@2,06T22@3,17,40,-1,-1,3
1943,T22,T22,40,2,65,-1,-1,32,07T22@3,09T22@4,17,-1,-1,-1,4
1963,T40,T23,40,5,27,33,-1,33,00T40@0,02T23@1,11,-1,-1,-1,1
1895,T22,T23,40,5,28,31,-1,31,01T22@0,02T23@1,7,-1,-1,-1,1
2077,T37,T22,40,3,18,-1,-1,36,04T37@2,06T22@3,17,-1,-1,-1,3
1975,T37,T22,40,6,50,-1,-1,33,04T37@2,06T22@3,17,-1,-1,-1,3
2076,T37,T22,40,3,18,-1,-1,36,04T37@2,07T22@3,17,-1,-1,-1,3
2119,T22,T22,40,9,65,-1,-1,37,06T22@3,09T22@4,17,-1,-1,-1,4
1856,T40,T22,40,3,21,30,-1,30,00T40@0,03T22@1,17,40,-1,-1,1
2107,T40,T22,40,5,8,37,-1,37,00T40@0,03T22@1,17,40,-1,-1,1
515,OTHER,T22,40,4,10,-1,-1,-1,SELLER,01T22@0,0,-1,-1,-1,0
327,T23,OTHER,40,3,54,0,-1,-1,08T23@4,BUYER,0,40,-1,-1,5
533,OTHER,T22,40,2,10,-1,-1,-1,SELLER,01T22@0,0,-1,-1,-1,0
112,T22,OTHER,40,2,54,0,-1,-1,09T22@4,BUYER,0,40,-1,-1,5
605,OTHER,T22,40,1,10,-1,-1,-1,SELLER,01T22@0,0,-1,-1,-1,0
604,OTHER,T22,40,2,10,-1,-1,-1,SELLER,01T22@0,0,-1,-1,-1,0
341,T22,OTHER,40,1,54,0,-1,-1,09T22@4,BUYER,0,40,-1,-1,5
567,OTHER,T22,40,3,10,-1,-1,-1,SELLER,01T22@0,0,-1,-1,-1,0
96,T23,OTHER,40,2,54,0,-1,-1,08T23@4,BUYER,0,40,-1,-1,5
556,OTHER,T40,40,4,10,-1,-1,-1,SELLER,00T40@0,0,-1,-1,-1,0
590,OTHER,T40,40,3,10,-1,-1,-1,SELLER,00T40@0,0,-1,-1,-1,0
583,T22,OTHER,40,6,54,-1,-1,-1,09T22@4,BUYER,0,-1,-1,-1,5
507,OTHER,T40,40,1,10,-1,-1,-1,SELLER,00T40@0,0,-1,-1,-1,0
185,T22,OTHER,40,3,54,0,-1,-1,09T22@4,BUYER,0,40,-1,-1,5
641,T22,OTHER,40,3,54,-1,-1,-1,09T22@4,BUYER,0,-1,-1,-1,5
1923,T22,T22,41,3,21,32,-1,32,01T22@0,03T22@1,17,41,-1,-1,1
2234,T22,T22,41,1,22,41,-1,41,06T22@3,09T22@4,17,41,-1,-1,4
528,OTHER,T40,41,3,10,-1,-1,-1,SELLER,00T40@0,0,-1,-1,-1,0
141,T22,OTHER,41,2,54,0,-1,-1,09T22@4,BUYER,0,41,-1,-1,5
1881,T40,T22,41,3,21,31,-1,31,00T40@0,03T22@1,17,41,-1,-1,1
630,OTHER,T22,41,1,10,-1,-1,-1,SELLER,01T22@0,0,-1,-1,-1,0
2066,T22,T22,41,3,21,36,-1,36,01T22@0,03T22@1,17,41,-1,-1,1
539,OTHER,T40,41,3,10,-1,-1,-1,SELLER,00T40@0,0,-1,-1,-1,0
2174,T22,T22,41,9,24,39,-1,39,07T22@3,09T22@4,17,41,-1,-1,4
562,OTHER,T22,41,1,10,-1,-1,-1,SELLER,01T22@0,0,-1,-1,-1,0
64,T23,OTHER,41,2,54,0,-1,-1,08T23@4,BUYER,0,41,-1,-1,5
551,OTHER,T22,41,5,10,-1,-1,-1,SELLER,01T22@0,0,-1,-1,-1,0
2128,T40,T22,41,3,21,38,-1,38,00T40@0,03T22@1,17,41,-1,-1,1
1901,T22,T22,41,11,67,-1,-1,31,06T22@3,09T22@4,17,-1,-1,-1,4
403,T23,OTHER,41,4,54,0,-1,-1,08T23@4,BUYER,0,41,-1,-1,5
555,T22,OTHER,41,3,54,-1,-1,-1,09T22@4,BUYER,0,-1,-1,-1,5
1920,T22,T23,41,3,28,32,-1,32,01T22@0,02T23@1,8,-1,-1,-1,1
559,OTHER,T40,41,2,10,-1,-1,-1,SELLER,00T40@0,0,-1,-1,-1,0
560,OTHER,T40,41,4,10,-1,-1,-1,SELLER,00T40@0,0,-1,-1,-1,0
2118,T22,T23,41,6,86,-1,-1,37,06T22@3,08T23@4,11,-1,-1,-1,4
2131,T40,T22,41,5,8,38,-1,38,00T40@0,03T22@1,17,41,-1,-1,1
2122,T22,T23,41,5,44,-1,-1,37,06T22@3,08T23@4,11,-1,-1,-1,4
376,T23,OTHER,41,2,54,0,-1,-1,08T23@4,BUYER,0,41,-1,-1,5
2025,T23,T37,41,10,5,35,-1,35,02T23@1,04T37@2,2,-1,-1,-1,2
518,OTHER,T40,41,1,10,-1,-1,-1,SELLER,00T40@0,0,-1,-1,-1,0
17,T22,OTHER,41,3,54,0,-1,-1,09T22@4,BUYER,0,41,-1,-1,5
2021,T40,T23,41,3,27,35,-1,35,00T40@0,02T23@1,13,-1,-1,-1,1
2022,T40,T23,41,3,28,35,-1,35,00T40@0,02T23@1,9,-1,-1,-1,1
388,T23,OTHER,41,4,54,0,-1,-1,08T23@4,BUYER,0,41,-1,-1,5
558,T22,OTHER,42,5,54,-1,-1,-1,09T22@4,BUYER,0,-1,-1,-1,5
2212,T22,T23,42,52,55,-1,-1,40,07T22@3,08T23@4,2,-1,-1,-1,4
1927,T40,T23,42,4,28,32,-1,32,00T40@0,02T23@1,12,-1,-1,-1,1
2065,T22,T22,42,3,21,36,-1,36,01T22@0,03T22@1,17,42,-1,-1,1
2162,T40,T22,42,5,14,39,-1,39,00T40@0,03T22@1,7,42,-1,-1,1
2088,T40,T23,42,5,25,37,-1,37,00T40@0,02T23@1,15,-1,-1,-1,1
643,OTHER,T22,42,4,10,-1,-1,-1,SELLER,01T22@0,0,-1,-1,-1,0
499,T22,OTHER,42,1,54,0,-1,-1,09T22@4,BUYER,0,42,-1,-1,5
2069,T22,T22,42,6,14,36,-1,36,01T22@0,03T22@1,8,42,-1,-1,1
625,OTHER,T40,42,3,10,-1,-1,-1,SELLER,00T40@0,0,-1,-1,-1,0
2201,T22,T23,42,6,86,40,-1,40,07T22@3,08T23@4,2,42,-1,-1,4
2000,T22,T22,42,5,67,34,-1,34,07T22@3,09T22@4,17,42,-1,-1,4
1948,T22,T23,42,5,87,33,-1,33,07T22@3,08T23@4,8,42,-1,-1,4
496,T23,OTHER,42,2,54,0,-1,-1,08T23@4,BUYER,0,42,-1,-1,5
2176,T40,T22,42,5,14,39,-1,39,00T40@0,03T22@1,6,42,-1,-1,1
178,T22,OTHER,42,1,54,0,-1,-1,09T22@4,BUYER,0,42,-1,-1,5
62,T23,OTHER,42,5,54,0,-1,-1,08T23@4,BUYER,0,42,-1,-1,5
2061,T22,T23,42,5,27,36,-1,36,01T22@0,02T23@1,12,-1,-1,-1,1
2092,T22,T23,42,1,86,37,-1,37,07T22@3,08T23@4,11,42,-1,-1,4
505,OTHER,T40,42,3,10,-1,-1,-1,SELLER,00T40@0,0,-1,-1,-1,0
523,OTHER,T22,42,3,10,-1,-1,-1,SELLER,01T22@0,0,-1,-1,-1,0
348,T22,OTHER,42,1,54,0,-1,-1,09T22@4,BUYER,0,42,-1,-1,5
581,OTHER,T40,42,2,10,-1,-1,-1,SELLER,00T40@0,0,-1,-1,-1,0
578,T22,OTHER,42,4,54,-1,-1,-1,09T22@4,BUYER,0,-1,-1,-1,5
2039,T22,T22,42,43,44,-1,-1,35,07T22@3,09T22@4,2,-1,-1,-1,4
2059,T22,T22,42,6,14,36,-1,36,01T22@0,03T22@1,8,42,-1,-1,1
509,OTHER,T22,42,3,10,-1,-1,-1,SELLER,01T22@0,0,-1,-1,-1,0
2165,T22,T22,42,5,8,39,-1,39,01T22@0,03T22@1,17,42,-1,-1,1
1918,T40,T22,42,3,21,32,-1,32,00T40@0,03T22@1,17,42,-1,-1,1
47,T22,OTHER,42,1,54,0,-1,-1,09T22@4,BUYER,0,42,-1,-1,5
511,OTHER,T40,42,2,10,-1,-1,-1,SELLER,00T40@0,0,-1,-1,-1,0
2101,T22,T23,43,2,86,37,-1,37,07T22@3,08T23@4,12,43,-1,-1,4
752,T22,OTHER,43,2,54,-1,-1,-1,09T22@4,BUYER,0,-1,-1,-1,5
2156,T22,T23,43,3,78,-1,-1,38,06T22@3,08T23@4,15,-1,-1,-1,4
668,T23,OTHER,43,2,54,1,-1,-1,08T23@4,BUYER,0,43,-1,-1,5
670,OTHER,T40,43,1,10,1,-1,-1,SELLER,00T40@0,0,43,-1,-1,0
2001,T22,T37,43,8,35,34,-1,34,03T22@1,04T37@2,17,43,-1,-1,2
662,OTHER,T40,43,5,10,1,-1,-1,SELLER,00T40@0,0,43,-1,-1,0
2094,T40,T23,43,5,28,37,-1,37,00T40@0,02T23@1,9,-1,-1,-1,1
690,OTHER,T40,43,2,10,1,-1,-1,SELLER,00T40@0,0,43,-1,-1,0
2152,T37,T22,43,5,52,-1,-1,38,04T37@2,07T22@3,17,-1,-1,-1,3
755,T22,OTHER,43,2,54,-1,-1,-1,09T22@4,BUYER,0,-1,-1,-1,5
2087,T22,T22,43,5,65,37,-1,37,07T22@3,09T22@4,17,43,-1,-1,4
1999,T23,T37,43,18,2,34,-1,34,02T23@1,04T37@2,2,-1,-1,-1,2
706,T22,OTHER,43,3,54,1,-1,-1,09T22@4,BUYER,0,43,-1,-1,5
2239,T22,T23,43,3,45,-1,-1,41,07T22@3,08T23@4,2,-1,-1,-1,4
2238,T37,T22,43,5,52,-1,-1,41,04T37@2,06T22@3,17,-1,-1,-1,3
2235,T22,T22,43,5,44,41,-1,41,06T22@3,09T22@4,6,43,-1,-1,4
700,OTHER,T22,43,5,10,1,-1,-1,SELLER,01T22@0,0,43,-1,-1,0
702,T23,OTHER,43,2,54,1,-1,-1,08T23@4,BUYER,0,43,-1,-1,5
2166,T22,T22,43,9,44,39,-1,39,07T22@3,09T22@4,2,43,-1,-1,4
650,OTHER,T40,43,2,10,1,-1,-1,SELLER,00T40@0,0,43,-1,-1,0
1973,T22,T22,43,56,44,-1,-1,33,06T22@3,09T22@4,2,-1,-1,-1,4
1972,T37,T22,43,15,52,-1,-1,33,04T37@2,06T22@3,17,-1,-1,-1,3
707,OTHER,T22,43,1,10,1,-1,-1,SELLER,01T22@0,0,43,-1,-1,0
684,T22,OTHER,43,2,54,1,-1,-1,09T22@4,BUYER,0,43,-1,-1,5
2062,T40,T23,43,5,27,36,-1,36,00T40@0,02T23@1,12,-1,-1,-1,1
2269,T22,T23,43,1,68,-1,-1,42,07T22@3,08T23@4,2,-1,-1,-1,4
652,T23,OTHER,43,5,54,1,-1,-1,08T23@4,BUYER,0,43,-1,-1,5
2297,T22,T23,43,13,50,-1,-1,43,06T22@3,08T23@4,2,-1,-1,-1,4
1957,T37,T22,43,15,52,33,-1,33,04T37@2,07T22@3,17,43,-1,-1,3
2200,T22,T22,43,12,14,40,-1,40,01T22@0,03T22@1,2,43,-1,-1,1
674,T23,OTHER,43,2,54,1,-1,-1,08T23@4,BUYER,0,43,-1,-1,5
2208,T22,T22,43,5,44,40,-1,40,07T22@3,09T22@4,6,43,-1,-1,4
717,OTHER,T22,43,4,10,1,-1,-1,SELLER,01T22@0,0,43,-1,-1,0
2120,T37,T22,43,5,52,-1,-1,37,04T37@2,07T22@3,17,-1,-1,-1,3
2211,T37,T22,44,5,50,-1,-1,40,04T37@2,07T22@3,17,-1,-1,-1,3
2054,T22,T23,44,11,80,36,-1,36,06T22@3,08T23@4,14,44,-1,-1,4
786,OTHER,T40,44,3,10,2,-1,-1,SELLER,00T40@0,0,44,-1,-1,0
769,OTHER,T40,44,3,10,2,-1,-1,SELLER,00T40@0,0,44,-1,-1,0
785,T22,OTHER,44,2,54,2,-1,-1,09T22@4,BUYER,0,44,-1,-1,5
2294,T22,T23,44,6,83,-1,-1,43,06T22@3,08T23@4,2,-1,-1,-1,4
784,T22,OTHER,44,4,54,2,-1,-1,09T22@4,BUYER,0,44,-1,-1,5
777,T22,OTHER,44,2,54,2,-1,-1,09T22@4,BUYER,0,44,-1,-1,5
797,T23,OTHER,44,3,54,2,-1,-1,08T23@4,BUYER,0,44,-1,-1,5
776,OTHER,T40,44,1,10,2,-1,-1,SELLER,00T40@0,0,44,-1,-1,0
2183,T37,T22,44,5,50,-1,-1,39,04T37@2,06T22@3,17,-1,-1,-1,3
2112,T22,T23,44,5,70,37,-1,37,06T22@3,08T23@4,16,44,-1,-1,4
774,OTHER,T22,44,1,10,2,-1,-1,SELLER,01T22@0,0,44,-1,-1,0
772,OTHER,T40,44,3,10,2,-1,-1,SELLER,00T40@0,0,44,-1,-1,0
2241,T22,T23,44,25,59,-1,-1,41,07T22@3,08T23@4,2,-1,-1,-1,4
771,OTHER,T22,44,3,10,2,-1,-1,SELLER,01T22@0,0,44,-1,-1,0
782,T23,OTHER,44,3,54,2,-1,-1,08T23@4,BUYER,0,44,-1,-1,5
2030,T22,T37,44,14,37,35,-1,35,03T22@1,04T37@2,17,44,-1,-1,2
766,T22,OTHER,44,2,54,2,-1,-1,09T22@4,BUYER,0,44,-1,-1,5
2017,T22,T23,44,5,26,35,-1,35,01T22@0,02T23@1,14,-1,-1,-1,1
2064,T37,T22,44,5,50,36,-1,36,04T37@2,07T22@3,17,44,-1,-1,3
2026,T22,T23,44,11,80,35,-1,35,06T22@3,08T23@4,13,44,-1,-1,4
789,T23,OTHER,44,1,54,2,-1,-1,08T23@4,BUYER,0,44,-1,-1,5
2067,T22,T37,44,11,24,36,-1,36,03T22@1,04T37@2,2,44,-1,-1,2
760,T22,OTHER,44,2,54,2,-1,-1,09T22@4,BUYER,0,44,-1,-1,5
2151,T22,T22,44,5,65,-1,-1,38,06T22@3,09T22@4,17,-1,-1,-1,4
798,OTHER,T22,44,1,10,2,-1,-1,SELLER,01T22@0,0,44,-1,-1,0
2102,T37,T22,44,5,52,37,-1,37,04T37@2,06T22@3,17,44,-1,-1,3
2024,T40,T22,44,3,21,35,-1,35,00T40@0,03T22@1,17,44,-1,-1,1
787,OTHER,T22,44,5,10,2,-1,-1,SELLER,01T22@0,0,44,-1,-1,0
2143,T22,T22,44,35,44,38,-1,38,06T22@3,09T22@4,2,44,-1,-1,4
796,T22,OTHER,44,1,54,2,-1,-1,09T22@4,BUYER,0,44,-1,-1,5
2206,T22,T23,45,9,88,40,-1,40,07T22@3,08T23@4,8,45,-1,-1,4
2328,T22,T23,45,5,37,45,-1,45,06T22@3,08T23@4,14,45,-1,-1,4
2345,T37,T22,45,3,17,-1,-1,45,04T37@2,06T22@3,17,-1,-1,-1,3
2321,T22,T23,45,2,56,-1,-1,44,06T22@3,08T23@4,2,-1,-1,-1,4
2129,T22,T23,45,5,70,38,-1,38,07T22@3,08T23@4,17,45,-1,-1,4
2175,T40,T22,45,14,20,39,-1,39,00T40@0,03T22@1,17,45,-1,-1,1
2246,T40,T22,45,5,14,42,-1,42,00T40@0,03T22@1,7,45,-1,-1,1
2279,T22,T22,45,5,7,43,-1,43,01T22@0,03T22@1,17,45,-1,-1,1
2215,T37,T22,45,15,50,-1,-1,40,04T37@2,06T22@3,17,-1,-1,-1,3
2154,T37,T22,45,5,50,-1,-1,38,04T37@2,07T22@3,17,-1,-1,-1,3
2348,T22,T37,45,5,12,-1,-1,45,03T22@1,04T37@2,17,-1,-1,-1,2
843,OTHER,T40,45,3,10,3,-1,-1,SELLER,00T40@0,0,45,-1,-1,0
2111,T23,T37,45,5,21,37,-1,37,02T23@1,04T37@2,2,-1,-1,-1,2
822,OTHER,T40,45,4,10,3,-1,-1,SELLER,00T40@0,0,45,-1,-1,0
805,OTHER,T40,45,1,10,3,-1,-1,SELLER,00T40@0,0,45,-1,-1,0
2045,T22,T23,45,3,28,36,-1,36,01T22@0,02T23@1,10,-1,-1,-1,1
815,T22,OTHER,45,1,54,3,-1,-1,09T22@4,BUYER,0,45,-1,-1,5
813,T23,OTHER,45,2,54,3,-1,-1,08T23@4,BUYER,0,45,-1,-1,5
2095,T22,T22,45,3,21,37,-1,37,01T22@0,03T22@1,17,45,-1,-1,1
825,OTHER,T22,45,1,10,3,-1,-1,SELLER,01T22@0,0,45,-1,-1,0
821,T23,OTHER,45,3,54,3,-1,-1,08T23@4,BUYER,0,45,-1,-1,5
812,OTHER,T22,45,3,10,3,-1,-1,SELLER,01T22@0,0,45,-1,-1,0
826,T23,OTHER,45,2,54,3,-1,-1,08T23@4,BUYER,0,45,-1,-1,5
829,OTHER,T40,45,3,10,3,-1,-1,SELLER,00T40@0,0,45,-1,-1,0
844,T22,OTHER,45,3,54,3,-1,-1,09T22@4,BUYER,0,45,-1,-1,5
838,T23,OTHER,45,1,54,3,-1,-1,08T23@4,BUYER,0,45,-1,-1,5
2011,T22,T22,45,9,67,35,-1,35,07T22@3,09T22@4,17,45,-1,-1,4
811,T22,OTHER,45,1,54,3,-1,-1,09T22@4,BUYER,0,45,-1,-1,5
2010,T22,T23,45,6,88,35,-1,35,07T22@3,08T23@4,13,45,-1,-1,4
818,OTHER,T22,45,5,10,3,-1,-1,SELLER,01T22@0,0,45,-1,-1,0
835,T22,OTHER,45,4,54,3,-1,-1,09T22@4,BUYER,0,45,-1,-1,5
830,T23,OTHER,45,3,54,3,-1,-1,08T23@4,BUYER,0,45,-1,-1,5
882,OTHER,T22,46,2,10,4,-1,-1,SELLER,01T22@0,0,46,-1,-1,0
881,T23,OTHER,46,6,54,4,-1,-1,08T23@4,BUYER,0,46,-1,-1,5
2216,T22,T37,46,19,35,41,-1,41,03T22@1,04T37@2,17,46,-1,-1,2
2051,T22,T23,46,3,88,36,-1,36,06T22@3,08T23@4,8,46,-1,-1,4
2047,T22,T22,46,9,67,36,-1,36,06T22@3,09T22@4,17,46,-1,-1,4
2198,T22,T37,46,8,37,40,-1,40,03T22@1,04T37@2,17,46,-1,-1,2
884,T22,OTHER,46,4,54,4,-1,-1,09T22@4,BUYER,0,46,-1,-1,5
888,OTHER,T40,46,4,10,4,-1,-1,SELLER,00T40@0,0,46,-1,-1,0
878,T23,OTHER,46,1,54,4,-1,-1,08T23@4,BUYER,0,46,-1,-1,5
2171,T22,T22,46,5,67,39,-1,39,06T22@3,09T22@4,17,46,-1,-1,4
2073,T22,T23,46,5,84,36,-1,36,07T22@3,08T23@4,13,46,-1,-1,4
2179,T22,T22,46,20,68,-1,-1,39,07T22@3,09T22@4,17,-1,-1,-1,4
2127,T40,T22,46,15,20,38,-1,38,00T40@0,03T22@1,17,46,-1,-1,1
2245,T22,T22,46,12,14,42,-1,42,01T22@0,03T22@1,2,46,-1,-1,1
2133,T22,T22,46,39,44,38,-1,38,07T22@3,09T22@4,2,46,-1,-1,4
856,OTHER,T22,46,1,10,4,-1,-1,SELLER,01T22@0,0,46,-1,-1,0
859,OTHER,T22,46,6,10,4,-1,-1,SELLER,01T22@0,0,46,-1,-1,0
861,T23,OTHER,46,5,54,4,-1,-1,08T23@4,BUYER,0,46,-1,-1,5
2373,T22,T23,46,6,42,-1,-1,46,07T22@3,08T23@4,11,-1,-1,-1,4
877,OTHER,T22,46,1,10,4,-1,-1,SELLER,01T22@0,0,46,-1,-1,0
866,T23,OTHER,46,1,54,4,-1,-1,08T23@4,BUYER,0,46,-1,-1,5
2369,T37,T22,46,72,34,-1,-1,46,04T37@2,07T22@3,2,-1,-1,-1,3
2153,T22,T22,46,39,44,-1,-1,38,07T22@3,09T22@4,2,-1,-1,-1,4
867,OTHER,T40,46,4,10,4,-1,-1,SELLER,00T40@0,0,46,-1,-1,0
868,T22,OTHER,46,2,54,4,-1,-1,09T22@4,BUYER,0,46,-1,-1,5
2262,T22,T37,46,5,13,42,-1,42,03T22@1,04T37@2,17,46,-1,-1,2
874,OTHER,T22,46,2,10,4,-1,-1,SELLER,01T22@0,0,46,-1,-1,0
2368,T22,T23,46,1,41,-1,-1,46,06T22@3,08T23@4,11,-1,-1,-1,4
870,T23,OTHER,46,1,54,4,-1,-1,08T23@4,BUYER,0,46,-1,-1,5
2347,T37,T22,47,30,34,-1,-1,45,04T37@2,06T22@3,2,-1,-1,-1,3
2270,T22,T23,47,3,78,-1,-1,42,07T22@3,08T23@4,15,-1,-1,-1,4
2260,T22,T22,47,17,22,42,-1,42,01T22@0,03T22@1,17,47,-1,-1,1
2292,T22,T22,47,5,65,-1,-1,43,06T22@3,09T22@4,17,-1,-1,-1,4
902,T23,OTHER,47,6,54,5,-1,-1,08T23@4,BUYER,0,47,-1,-1,5
903,OTHER,T40,47,2,10,5,-1,-1,SELLER,00T40@0,0,47,-1,-1,0
2396,T22,T23,47,3,51,-1,-1,47,06T22@3,08T23@4,2,-1,-1,-1,4
2137,T22,T23,47,5,80,38,-1,38,06T22@3,08T23@4,13,47,-1,-1,4
2134,T22,T22,47,5,67,38,-1,38,07T22@3,09T22@4,17,47,-1,-1,4
901,T22,OTHER,47,1,54,5,-1,-1,09T22@4,BUYER,0,47,-1,-1,5
930,T22,OTHER,47,2,54,5,-1,-1,09T22@4,BUYER,0,47,-1,-1,5
927,OTHER,T22,47,3,10,5,-1,-1,SELLER,01T22@0,0,47,-1,-1,0
2163,T22,T23,47,15,84,39,-1,39,07T22@3,08T23@4,14,47,-1,-1,4
926,OTHER,T22,47,3,10,5,-1,-1,SELLER,01T22@0,0,47,-1,-1,0
2398,T37,T22,47,30,34,-1,-1,47,04T37@2,07T22@3,2,-1,-1,-1,3
921,T23,OTHER,47,2,54,5,-1,-1,08T23@4,BUYER,0,47,-1,-1,5
920,T23,OTHER,47,1,54,5,-1,-1,08T23@4,BUYER,0,47,-1,-1,5
919,OTHER,T22,47,1,10,5,-1,-1,SELLER,01T22@0,0,47,-1,-1,0
922,T22,OTHER,47,4,54,5,-1,-1,09T22@4,BUYER,0,47,-1,-1,5
2362,T22,T22,47,6,24,46,-1,46,06T22@3,09T22@4,17,47,-1,-1,4
916,OTHER,T40,47,3,10,5,-1,-1,SELLER,00T40@0,0,47,-1,-1,0
2190,T40,T22,47,12,14,40,-1,40,00T40@0,03T22@1,2,47,-1,-1,1
2195,T40,T22,47,12,14,40,-1,40,00T40@0,03T22@1,2,47,-1,-1,1
915,OTHER,T22,47,3,10,5,-1,-1,SELLER,01T22@0,0,47,-1,-1,0
912,T23,OTHER,47,1,54,5,-1,-1,08T23@4,BUYER,0,47,-1,-1,5
911,OTHER,T40,47,3,10,5,-1,-1,SELLER,00T40@0,0,47,-1,-1,0
904,T22,OTHER,47,2,54,5,-1,-1,09T22@4,BUYER,0,47,-1,-1,5
907,OTHER,T22,47,2,10,5,-1,-1,SELLER,01T22@0,0,47,-1,-1,0
2177,T22,T23,47,4,86,39,-1,39,06T22@3,08T23@4,16,47,-1,-1,4
909,T23,OTHER,47,1,54,5,-1,-1,08T23@4,BUYER,0,47,-1,-1,5
2285,T22,T37,48,19,35,43,-1,43,03T22@1,04T37@2,17,48,-1,-1,2
2295,T22,T23,48,4,88,-1,-1,43,06T22@3,08T23@4,8,-1,-1,-1,4
957,T22,OTHER,48,2,54,6,-1,-1,09T22@4,BUYER,0,48,-1,-1,5
2293,T22,T23,48,3,82,-1,-1,43,06T22@3,08T23@4,13,-1,-1,-1,4
2296,T22,T23,48,2,88,-1,-1,43,07T22@3,08T23@4,9,-1,-1,-1,4
961,T23,OTHER,48,3,54,6,-1,-1,08T23@4,BUYER,0,48,-1,-1,5
963,OTHER,T40,48,1,10,6,-1,-1,SELLER,00T40@0,0,48,-1,-1,0
964,T23,OTHER,48,4,54,6,-1,-1,08T23@4,BUYER,0,48,-1,-1,5
966,T23,OTHER,48,3,54,6,-1,-1,08T23@4,BUYER,0,48,-1,-1,5
2289,T22,T22,48,17,22,43,-1,43,01T22@0,03T22@1,17,48,-1,-1,1
2138,T22,T22,48,3,21,38,-1,38,01T22@0,03T22@1,17,48,-1,-1,1
944,OTHER,T40,48,3,10,6,-1,-1,SELLER,00T40@0,0,48,-1,-1,0
954,OTHER,T22,48,3,10,6,-1,-1,SELLER,01T22@0,0,48,-1,-1,0
953,T23,OTHER,48,1,54,6,-1,-1,08T23@4,BUYER,0,48,-1,-1,5
2268,T22,T22,48,5,65,-1,-1,42,07T22@3,09T22@4,17,-1,-1,-1,4
2267,T37,T22,48,32,53,-1,-1,42,04T37@2,06T22@3,17,-1,-1,-1,3
949,OTHER,T22,48,5,10,6,-1,-1,SELLER,01T22@0,0,48,-1,-1,0
947,T22,OTHER,48,3,54,6,-1,-1,09T22@4,BUYER,0,48,-1,-1,5
2263,T22,T22,48,5,65,-1,-1,42,06T22@3,09T22@4,17,-1,-1,-1,4
945,OTHER,T40,48,3,10,6,-1,-1,SELLER,00T40@0,0,48,-1,-1,0
943,T22,OTHER,48,3,54,6,-1,-1,09T22@4,BUYER,0,48,-1,-1,5
939,OTHER,T22,48,2,10,6,-1,-1,SELLER,01T22@0,0,48,-1,-1,0
938,T23,OTHER,48,1,54,6,-1,-1,08T23@4,BUYER,0,48,-1,-1,5
2231,T40,T22,48,10,14,41,-1,41,00T40@0,03T22@1,6,48,-1,-1,1
2224,T22,T23,48,5,70,41,-1,41,06T22@3,08T23@4,16,48,-1,-1,4
956,OTHER,T22,48,2,10,6,-1,-1,SELLER,01T22@0,0,48,-1,-1,0
959,OTHER,T22,48,1,10,6,-1,-1,SELLER,01T22@0,0,48,-1,-1,0
2266,T37,T22,48,32,53,-1,-1,42,04T37@2,07T22@3,17,-1,-1,-1,3
2356,T22,T22,48,5,7,46,-1,46,01T22@0,03T22@1,17,48,-1,-1,1
2352,T22,T23,48,25,65,-1,-1,45,07T22@3,08T23@4,2,-1,-1,-1,4
2420,T22,T22,48,6,24,-1,-1,48,06T22@3,09T22@4,17,-1,-1,-1,4
2422,T22,T23,48,27,66,-1,-1,48,06T22@3,08T23@4,2,-1,-1,-1,4
2423,T22,T23,48,7,77,-1,-1,48,07T22@3,08T23@4,2,-1,-1,-1,4
2390,T22,T22,48,5,8,47,-1,47,01T22@0,03T22@1,18,48,-1,-1,1
1003,T23,OTHER,49,1,54,7,-1,-1,08T23@4,BUYER,0,49,-1,-1,5
972,T22,OTHER,49,2,54,7,-1,-1,09T22@4,BUYER,0,49,-1,-1,5
975,T23,OTHER,49,1,54,7,-1,-1,08T23@4,BUYER,0,49,-1,-1,5
980,T23,OTHER,49,2,54,7,-1,-1,08T23@4,BUYER,0,49,-1,-1,5
984,OTHER,T22,49,2,10,7,-1,-1,SELLER,01T22@0,0,49,-1,-1,0
985,T22,OTHER,49,2,54,7,-1,-1,09T22@4,BUYER,0,49,-1,-1,5
986,T22,OTHER,49,4,54,7,-1,-1,09T22@4,BUYER,0,49,-1,-1,5
987,OTHER,T40,49,3,10,7,-1,-1,SELLER,00T40@0,0,49,-1,-1,0
2381,T22,T22,49,5,8,47,-1,47,01T22@0,03T22@1,18,49,-1,-1,1
992,T23,OTHER,49,3,54,7,-1,-1,08T23@4,BUYER,0,49,-1,-1,5
996,OTHER,T22,49,3,10,7,-1,-1,SELLER,01T22@0,0,49,-1,-1,0
1000,OTHER,T40,49,4,10,7,-1,-1,SELLER,00T40@0,0,49,-1,-1,0
1002,OTHER,T22,49,4,10,7,-1,-1,SELLER,01T22@0,0,49,-1,-1,0
1004,T23,OTHER,49,5,54,7,-1,-1,08T23@4,BUYER,0,49,-1,-1,5
2374,T22,T22,49,5,44,-1,-1,46,06T22@3,09T22@4,2,-1,-1,-1,4
2351,T22,T23,49,2,86,-1,-1,45,07T22@3,08T23@4,11,-1,-1,-1,4
2159,T22,T22,49,18,20,39,-1,39,01T22@0,03T22@1,17,49,-1,-1,1
2192,T22,T22,49,26,44,40,-1,40,06T22@3,09T22@4,2,49,-1,-1,4
989,OTHER,T40,49,3,10,7,-1,-1,SELLER,00T40@0,0,49,-1,-1,0
2393,T22,T23,49,26,77,-1,-1,47,07T22@3,08T23@4,2,-1,-1,-1,4
997,OTHER,T22,49,1,10,7,-1,-1,SELLER,01T22@0,0,49,-1,-1,0
2416,T22,T23,49,8,36,-1,-1,48,06T22@3,08T23@4,14,-1,-1,-1,4
2439,T22,T23,49,5,71,-1,-1,49,06T22@3,08T23@4,2,-1,-1,-1,4
2419,T22,T23,49,2,53,-1,-1,48,07T22@3,08T23@4,2,-1,-1,-1,4
2418,T22,T23,49,12,66,-1,-1,48,06T22@3,08T23@4,2,-1,-1,-1,4
2415,T22,T23,49,11,66,-1,-1,48,06T22@3,08T23@4,2,-1,-1,-1,4
2316,T22,T22,49,17,22,44,-1,44,01T22@0,03T22@1,17,49,-1,-1,1
1021,OTHER,T40,50,3,10,8,-1,-1,SELLER,00T40@0,0,50,-1,-1,0
2457,T22,T23,50,9,34,-1,-1,50,07T22@3,08T23@4,15,-1,-1,-1,4
1033,T23,OTHER,50,2,54,8,-1,-1,08T23@4,BUYER,0,50,-1,-1,5
2313,T37,T22,50,5,52,44,-1,44,04T37@2,07T22@3,17,50,-1,-1,3
1032,OTHER,T40,50,2,10,8,-1,-1,SELLER,00T40@0,0,50,-1,-1,0
1013,T22,OTHER,50,1,54,8,-1,-1,09T22@4,BUYER,0,50,-1,-1,5
1015,T23,OTHER,50,4,54,8,-1,-1,08T23@4,BUYER,0,50,-1,-1,5
1025,T22,OTHER,50,3,54,8,-1,-1,09T22@4,BUYER,0,50,-1,-1,5
2349,T22,T23,50,4,88,-1,-1,45,06T22@3,08T23@4,7,-1,-1,-1,4
1024,T22,OTHER,50,4,54,8,-1,-1,09T22@4,BUYER,0,50,-1,-1,5
2367,T22,T22,50,9,44,-1,-1,46,07T22@3,09T22@4,2,-1,-1,-1,4
1031,OTHER,T22,50,5,10,8,-1,-1,SELLER,01T22@0,0,50,-1,-1,0
1036,OTHER,T22,50,1,10,8,-1,-1,SELLER,01T22@0,0,50,-1,-1,0
2210,T37,T22,50,15,52,-1,-1,40,04T37@2,07T22@3,17,-1,-1,-1,3
1030,OTHER,T40,50,3,10,8,-1,-1,SELLER,00T40@0,0,50,-1,-1,0
1020,OTHER,T22,50,4,10,8,-1,-1,SELLER,01T22@0,0,50,-1,-1,0
2214,T22,T23,50,9,78,-1,-1,40,06T22@3,08T23@4,14,-1,-1,-1,4
2358,T37,T22,50,5,52,46,-1,46,04T37@2,07T22@3,17,50,-1,-1,3
2203,T22,T22,50,9,67,40,-1,40,06T22@3,09T22@4,17,50,-1,-1,4
2350,T22,T22,50,5,65,-1,-1,45,07T22@3,09T22@4,17,-1,-1,-1,4
2276,T37,T22,50,5,52,43,-1,43,04T37@2,07T22@3,17,50,-1,-1,3
1027,OTHER,T22,50,2,10,8,-1,-1,SELLER,01T22@0,0,50,-1,-1,0
2264,T22,T23,50,4,87,-1,-1,42,06T22@3,08T23@4,15,-1,-1,-1,4
2407,T37,T22,50,5,52,48,-1,48,04T37@2,06T22@3,17,50,-1,-1,3
2331,T40,T22,50,15,22,45,-1,45,00T40@0,03T22@1,17,50,-1,-1,1
1037,T23,OTHER,50,2,54,8,-1,-1,08T23@4,BUYER,0,50,-1,-1,5
1039,T22,OTHER,50,1,54,8,-1,-1,09T22@4,BUYER,0,50,-1,-1,5
2414,T22,T23,50,44,59,-1,-1,48,07T22@3,08T23@4,2,-1,-1,-1,4
2342,T37,T22,50,5,52,45,-1,45,04T37@2,06T22@3,17,50,-1,-1,3
1038,T22,OTHER,50,3,54,8,-1,-1,09T22@4,BUYER,0,50,-1,-1,5
2445,T22,T23,50,1,44,50,-1,50,06T22@3,08T23@4,8,50,-1,-1,4
2204,T22,T22,50,9,67,40,-1,40,07T22@3,09T22@4,17,50,-1,-1,4
2361,T22,T22,51,17,22,46,-1,46,01T22@0,03T22@1,17,51,-1,-1,1
1067,OTHER,T22,51,2,10,9,-1,-1,SELLER,01T22@0,0,51,-1,-1,0
2303,T37,T22,51,24,53,44,-1,44,04T37@2,07T22@3,17,51,-1,-1,3
1045,OTHER,T40,51,2,10,9,-1,-1,SELLER,00T40@0,0,51,-1,-1,0
1070,OTHER,T22,51,4,10,9,-1,-1,SELLER,01T22@0,0,51,-1,-1,0
1066,OTHER,T22,51,3,10,9,-1,-1,SELLER,01T22@0,0,51,-1,-1,0
1071,T22,OTHER,51,2,54,9,-1,-1,09T22@4,BUYER,0,51,-1,-1,5
1046,T23,OTHER,51,3,54,9,-1,-1,08T23@4,BUYER,0,51,-1,-1,5
1065,T22,OTHER,51,1,54,9,-1,-1,09T22@4,BUYER,0,51,-1,-1,5
1049,OTHER,T22,51,2,10,9,-1,-1,SELLER,01T22@0,0,51,-1,-1,0
1056,T23,OTHER,51,1,54,9,-1,-1,08T23@4,BUYER,0,51,-1,-1,5
1061,OTHER,T22,51,1,10,9,-1,-1,SELLER,01T22@0,0,51,-1,-1,0
2394,T37,T22,51,5,50,-1,-1,47,04T37@2,07T22@3,17,-1,-1,-1,3
2265,T22,T23,51,5,88,-1,-1,42,06T22@3,08T23@4,9,-1,-1,-1,4
2392,T22,T22,51,11,65,-1,-1,47,07T22@3,09T22@4,17,-1,-1,-1,4
1053,T22,OTHER,51,3,54,9,-1,-1,09T22@4,BUYER,0,51,-1,-1,5
2413,T22,T22,51,6,44,-1,-1,48,06T22@3,09T22@4,6,-1,-1,-1,4
2334,T37,T22,51,24,53,45,-1,45,04T37@2,06T22@3,17,51,-1,-1,3
2341,T22,T22,51,5,65,45,-1,45,07T22@3,09T22@4,17,51,-1,-1,4
2240,T37,T22,51,58,34,-1,-1,41,04T37@2,07T22@3,2,-1,-1,-1,3
2237,T22,T22,51,20,44,-1,-1,41,07T22@3,09T22@4,2,-1,-1,-1,4
2440,T22,T23,51,16,70,-1,-1,49,06T22@3,08T23@4,2,-1,-1,-1,4
1051,OTHER,T40,51,1,10,9,-1,-1,SELLER,00T40@0,0,51,-1,-1,0
1050,T23,OTHER,51,3,54,9,-1,-1,08T23@4,BUYER,0,51,-1,-1,5
1054,T23,OTHER,51,3,54,9,-1,-1,08T23@4,BUYER,0,51,-1,-1,5
1057,T22,OTHER,51,3,54,9,-1,-1,09T22@4,BUYER,0,51,-1,-1,5
2464,T22,T23,51,1,31,51,-1,51,07T22@3,08T23@4,15,51,-1,-1,4
2372,T22,T22,51,9,65,-1,-1,46,06T22@3,09T22@4,17,-1,-1,-1,4
1064,OTHER,T40,51,4,10,9,-1,-1,SELLER,00T40@0,0,51,-1,-1,0
2467,T22,T23,51,11,52,-1,-1,51,07T22@3,08T23@4,2,-1,-1,-1,4
1058,OTHER,T22,51,1,10,9,-1,-1,SELLER,01T22@0,0,51,-1,-1,0
2371,T37,T22,51,24,53,-1,-1,46,04T37@2,06T22@3,17,-1,-1,-1,3
1062,T23,OTHER,51,1,54,9,-1,-1,08T23@4,BUYER,0,51,-1,-1,5
2397,T37,T22,52,24,49,-1,-1,47,04T37@2,07T22@3,17,-1,-1,-1,3
2481,T22,T37,52,5,12,-1,-1,52,03T22@1,04T37@2,17,-1,-1,-1,2
2399,T22,T23,52,14,88,-1,-1,47,07T22@3,08T23@4,13,-1,-1,-1,4
2459,T22,T23,52,5,51,51,-1,51,07T22@3,08T23@4,2,52,-1,-1,4
2452,T22,T23,52,17,71,50,-1,50,06T22@3,08T23@4,2,52,-1,-1,4
2384,T22,T23,52,28,64,47,-1,47,07T22@3,08T23@4,18,52,-1,-1,4
2391,T22,T22,52,17,22,47,-1,47,01T22@0,03T22@1,17,52,-1,-1,1
2480,T37,T22,52,31,34,-1,-1,52,04T37@2,07T22@3,2,-1,-1,-1,3
2469,T22,T23,52,59,50,-1,-1,51,07T22@3,08T23@4,2,-1,-1,-1,4
2475,T22,T23,52,7,43,52,-1,52,06T22@3,08T23@4,13,52,-1,-1,4
1084,T22,OTHER,52,2,54,10,-1,-1,09T22@4,BUYER,0,52,-1,-1,5
1102,T23,OTHER,52,1,54,10,-1,-1,08T23@4,BUYER,0,52,-1,-1,5
1103,OTHER,T22,52,1,10,10,-1,-1,SELLER,01T22@0,0,52,-1,-1,0
1105,T23,OTHER,52,2,54,10,-1,-1,08T23@4,BUYER,0,52,-1,-1,5
1108,T22,OTHER,52,3,54,10,-1,-1,09T22@4,BUYER,0,52,-1,-1,5
1094,OTHER,T22,52,3,10,10,-1,-1,SELLER,01T22@0,0,52,-1,-1,0
1110,OTHER,T22,52,2,10,10,-1,-1,SELLER,01T22@0,0,52,-1,-1,0
1112,OTHER,T40,52,3,10,10,-1,-1,SELLER,00T40@0,0,52,-1,-1,0
1092,T22,OTHER,52,4,54,10,-1,-1,09T22@4,BUYER,0,52,-1,-1,5
2248,T22,T37,52,18,37,42,-1,42,03T22@1,04T37@2,17,52,-1,-1,2
1091,T22,OTHER,52,1,54,10,-1,-1,09T22@4,BUYER,0,52,-1,-1,5
1089,OTHER,T40,52,4,10,10,-1,-1,SELLER,00T40@0,0,52,-1,-1,0
1086,OTHER,T22,52,2,10,10,-1,-1,SELLER,01T22@0,0,52,-1,-1,0
1083,OTHER,T22,52,4,10,10,-1,-1,SELLER,01T22@0,0,52,-1,-1,0
1101,OTHER,T40,52,1,10,10,-1,-1,SELLER,00T40@0,0,52,-1,-1,0
1079,T23,OTHER,52,4,54,10,-1,-1,08T23@4,BUYER,0,52,-1,-1,5
2291,T22,T22,52,5,67,-1,-1,43,06T22@3,09T22@4,17,-1,-1,-1,4
2286,T22,T22,52,5,67,43,-1,43,07T22@3,09T22@4,17,52,-1,-1,4
1081,T23,OTHER,52,3,54,10,-1,-1,08T23@4,BUYER,0,52,-1,-1,5
1132,T22,OTHER,53,3,54,11,-1,-1,09T22@4,BUYER,0,53,-1,-1,5
1150,OTHER,T22,53,2,10,11,-1,-1,SELLER,01T22@0,0,53,-1,-1,0
1143,T23,OTHER,53,3,54,11,-1,-1,08T23@4,BUYER,0,53,-1,-1,5
2489,T22,T23,53,34,85,-1,-1,53,06T22@3,08T23@4,2,-1,-1,-1,4
1142,OTHER,T40,53,1,10,11,-1,-1,SELLER,00T40@0,0,53,-1,-1,0
1140,T22,OTHER,53,2,54,11,-1,-1,09T22@4,BUYER,0,53,-1,-1,5
2426,T22,T22,53,6,44,49,-1,49,07T22@3,09T22@4,6,53,-1,-1,4
1120,OTHER,T22,53,4,10,11,-1,-1,SELLER,01T22@0,0,53,-1,-1,0
2322,T22,T22,53,6,21,45,-1,45,07T22@3,09T22@4,17,53,-1,-1,4
1125,T22,OTHER,53,2,54,11,-1,-1,09T22@4,BUYER,0,53,-1,-1,5
1138,OTHER,T22,53,2,10,11,-1,-1,SELLER,01T22@0,0,53,-1,-1,0
1127,OTHER,T40,53,4,10,11,-1,-1,SELLER,00T40@0,0,53,-1,-1,0
1137,OTHER,T40,53,4,10,11,-1,-1,SELLER,00T40@0,0,53,-1,-1,0
1134,T23,OTHER,53,4,54,11,-1,-1,08T23@4,BUYER,0,53,-1,-1,5
1129,T22,OTHER,53,2,54,11,-1,-1,09T22@4,BUYER,0,53,-1,-1,5
1145,OTHER,T40,53,3,10,11,-1,-1,SELLER,00T40@0,0,53,-1,-1,0
1130,T23,OTHER,53,2,54,11,-1,-1,08T23@4,BUYER,0,53,-1,-1,5
1122,T22,OTHER,53,2,54,11,-1,-1,09T22@4,BUYER,0,53,-1,-1,5
2405,T22,T22,53,17,22,48,-1,48,01T22@0,03T22@1,17,53,-1,-1,1
2299,T37,T22,53,28,34,44,-1,44,04T37@2,07T22@3,2,53,-1,-1,3
2378,T22,T22,53,6,44,47,-1,47,06T22@3,09T22@4,6,53,-1,-1,4
2379,T22,T22,54,6,21,47,-1,47,06T22@3,09T22@4,17,54,-1,-1,4
2504,T22,T37,54,5,12,-1,-1,54,03T22@1,04T37@2,17,-1,-1,-1,2
2506,T22,T23,54,7,61,-1,-1,54,07T22@3,08T23@4,2,-1,-1,-1,4
2507,T22,T23,54,3,49,-1,-1,54,06T22@3,08T23@4,2,-1,-1,-1,4
2339,T22,T22,54,5,67,45,-1,45,06T22@3,09T22@4,17,54,-1,-1,4
1170,T23,OTHER,54,1,54,12,-1,-1,08T23@4,BUYER,0,54,-1,-1,5
2508,T22,T23,54,1,39,-1,-1,54,07T22@3,08T23@4,13,-1,-1,-1,4
2456,T37,T22,54,5,52,-1,-1,50,04T37@2,06T22@3,17,-1,-1,-1,3
1180,OTHER,T22,54,3,10,12,-1,-1,SELLER,01T22@0,0,54,-1,-1,0
2453,T22,T22,54,11,44,50,-1,50,07T22@3,09T22@4,2,54,-1,-1,4
1169,OTHER,T22,54,3,10,12,-1,-1,SELLER,01T22@0,0,54,-1,-1,0
1167,OTHER,T22,54,2,10,12,-1,-1,SELLER,01T22@0,0,54,-1,-1,0
2370,T37,T22,54,55,34,-1,-1,46,04T37@2,06T22@3,2,-1,-1,-1,3
1176,T23,OTHER,54,1,54,12,-1,-1,08T23@4,BUYER,0,54,-1,-1,5
2427,T22,T23,54,2,86,49,-1,49,07T22@3,08T23@4,10,54,-1,-1,4
2431,T40,T22,54,17,22,49,-1,49,00T40@0,03T22@1,17,54,-1,-1,1
1174,OTHER,T22,54,2,10,12,-1,-1,SELLER,01T22@0,0,54,-1,-1,0
2320,T22,T22,54,39,44,-1,-1,44,06T22@3,09T22@4,2,-1,-1,-1,4
1164,T23,OTHER,54,1,54,12,-1,-1,08T23@4,BUYER,0,54,-1,-1,5
2421,T37,T22,54,5,52,-1,-1,48,04T37@2,07T22@3,17,-1,-1,-1,3
1182,T23,OTHER,54,6,54,12,-1,-1,08T23@4,BUYER,0,54,-1,-1,5
2463,T22,T23,54,16,71,51,-1,51,06T22@3,08T23@4,2,54,-1,-1,4
2377,T37,T22,54,5,52,47,-1,47,04T37@2,07T22@3,17,54,-1,-1,3
2472,T37,T22,54,5,52,-1,-1,51,04T37@2,06T22@3,17,-1,-1,-1,3
1190,OTHER,T40,54,2,10,12,-1,-1,SELLER,00T40@0,0,54,-1,-1,0
2417,T37,T22,54,20,34,-1,-1,48,04T37@2,07T22@3,2,-1,-1,-1,3
1191,OTHER,T22,54,2,10,12,-1,-1,SELLER,01T22@0,0,54,-1,-1,0
1193,T23,OTHER,54,3,54,12,-1,-1,08T23@4,BUYER,0,54,-1,-1,5
1189,OTHER,T40,54,4,10,12,-1,-1,SELLER,00T40@0,0,54,-1,-1,0
1198,T22,OTHER,54,3,54,-1,-1,-1,09T22@4,BUYER,0,-1,-1,-1,5
2435,T22,T22,54,2,23,49,-1,49,07T22@3,09T22@4,17,54,-1,-1,4
1186,OTHER,T22,54,2,10,12,-1,-1,SELLER,01T22@0,0,54,-1,-1,0
2474,T22,T22,54,11,44,52,-1,52,07T22@3,09T22@4,2,54,-1,-1,4
1199,T22,OTHER,54,4,54,-1,-1,-1,09T22@4,BUYER,0,-1,-1,-1,5
1185,T22,OTHER,54,1,54,12,-1,-1,09T22@4,BUYER,0,54,-1,-1,5
2482,T37,T22,54,5,52,-1,-1,52,04T37@2,07T22@3,17,-1,-1,-1,3
2312,T22,T37,54,25,37,44,-1,44,03T22@1,04T37@2,17,54,-1,-1,2
2490,T22,T23,54,6,50,-1,-1,53,06T22@3,08T23@4,2,-1,-1,-1,4
2311,T22,T23,54,5,80,44,-1,44,07T22@3,08T23@4,13,54,-1,-1,4
2395,T22,T23,54,1,84,-1,-1,47,06T22@3,08T23@4,13,-1,-1,-1,4
1223,T23,OTHER,55,3,54,13,-1,-1,08T23@4,BUYER,0,55,-1,-1,5
1236,T22,OTHER,55,3,54,13,-1,-1,09T22@4,BUYER,0,55,-1,-1,5
1222,OTHER,T22,55,3,10,13,-1,-1,SELLER,01T22@0,0,55,-1,-1,0
2363,T22,T23,55,7,86,46,-1,46,06T22@3,08T23@4,10,55,-1,-1,4
1224,OTHER,T22,55,2,10,13,-1,-1,SELLER,01T22@0,0,55,-1,-1,0
2441,T22,T22,55,18,22,50,-1,50,01T22@0,03T22@1,17,55,-1,-1,1
2519,T22,T23,55,23,76,-1,-1,55,07T22@3,08T23@4,2,-1,-1,-1,4
2449,T22,T23,55,6,87,50,-1,50,07T22@3,08T23@4,14,55,-1,-1,4
1219,OTHER,T22,55,2,10,13,-1,-1,SELLER,01T22@0,0,55,-1,-1,0
1227,OTHER,T40,55,2,10,13,-1,-1,SELLER,00T40@0,0,55,-1,-1,0
1228,T23,OTHER,55,4,54,13,-1,-1,08T23@4,BUYER,0,55,-1,-1,5
1229,T22,OTHER,55,1,54,13,-1,-1,09T22@4,BUYER,0,55,-1,-1,5
1235,T22,OTHER,55,3,54,13,-1,-1,09T22@4,BUYER,0,55,-1,-1,5
1234,OTHER,T40,55,3,10,13,-1,-1,SELLER,00T40@0,0,55,-1,-1,0
2470,T37,T22,55,30,34,-1,-1,51,04T37@2,07T22@3,2,-1,-1,-1,3
2438,T37,T22,55,5,50,-1,-1,49,04T37@2,06T22@3,17,-1,-1,-1,3
1238,T22,OTHER,55,1,54,13,-1,-1,09T22@4,BUYER,0,55,-1,-1,5
1232,OTHER,T40,55,3,10,13,-1,-1,SELLER,00T40@0,0,55,-1,-1,0
1207,T22,OTHER,55,3,54,13,-1,-1,09T22@4,BUYER,0,55,-1,-1,5
1206,OTHER,T22,55,3,10,13,-1,-1,SELLER,01T22@0,0,55,-1,-1,0
2324,T22,T22,55,15,20,45,-1,45,01T22@0,03T22@1,17,55,-1,-1,1
2335,T22,T23,55,3,88,45,-1,45,07T22@3,08T23@4,9,55,-1,-1,4
2343,T22,T37,55,39,35,45,-1,45,03T22@1,04T37@2,17,55,-1,-1,2
1230,OTHER,T22,55,2,10,13,-1,-1,SELLER,01T22@0,0,55,-1,-1,0
2359,T40,T22,55,13,20,46,-1,46,00T40@0,03T22@1,17,55,-1,-1,1
1210,T22,OTHER,55,2,54,13,-1,-1,09T22@4,BUYER,0,55,-1,-1,5
2520,T37,T22,56,54,34,-1,-1,55,04T37@2,07T22@3,2,-1,-1,-1,3
1255,OTHER,T40,56,5,10,14,-1,-1,SELLER,00T40@0,0,56,-1,-1,0
2437,T22,T23,56,28,78,49,-1,49,06T22@3,08T23@4,14,56,-1,-1,4
1253,OTHER,T40,56,2,10,14,-1,-1,SELLER,00T40@0,0,56,-1,-1,0
1290,T22,OTHER,56,3,54,-1,-1,-1,09T22@4,BUYER,0,-1,-1,-1,5
1289,T22,OTHER,56,4,54,-1,-1,-1,09T22@4,BUYER,0,-1,-1,-1,5
1277,OTHER,T22,56,1,10,14,-1,-1,SELLER,01T22@0,0,56,-1,-1,0
2505,T22,T23,56,5,44,-1,-1,54,06T22@3,08T23@4,15,-1,-1,-1,4
1271,OTHER,T40,56,1,10,14,-1,-1,SELLER,00T40@0,0,56,-1,-1,0
1254,T23,OTHER,56,2,54,14,-1,-1,08T23@4,BUYER,0,56,-1,-1,5
2461,T22,T22,56,17,22,51,-1,51,01T22@0,03T22@1,17,56,-1,-1,1
1251,OTHER,T40,56,1,10,14,-1,-1,SELLER,00T40@0,0,56,-1,-1,0
1267,OTHER,T22,56,4,10,14,-1,-1,SELLER,01T22@0,0,56,-1,-1,0
1266,OTHER,T22,56,3,10,14,-1,-1,SELLER,01T22@0,0,56,-1,-1,0
1257,T23,OTHER,56,3,54,14,-1,-1,08T23@4,BUYER,0,56,-1,-1,5
1264,OTHER,T40,56,3,10,14,-1,-1,SELLER,00T40@0,0,56,-1,-1,0
2465,T22,T37,56,51,36,51,-1,51,03T22@1,04T37@2,17,56,-1,-1,2
2468,T37,T22,56,41,53,-1,-1,51,04T37@2,07T22@3,17,-1,-1,-1,3
2380,T22,T22,56,22,44,47,-1,47,07T22@3,09T22@4,2,56,-1,-1,4
1270,T22,OTHER,56,1,54,14,-1,-1,09T22@4,BUYER,0,56,-1,-1,5
1261,T23,OTHER,56,1,54,14,-1,-1,08T23@4,BUYER,0,56,-1,-1,5
1259,T23,OTHER,56,6,54,14,-1,-1,08T23@4,BUYER,0,56,-1,-1,5
2360,T22,T23,56,15,77,46,-1,46,07T22@3,08T23@4,15,56,-1,-1,4
2473,T37,T22,57,30,53,-1,-1,51,04T37@2,06T22@3,17,-1,-1,-1,3
2478,T22,T37,57,19,35,52,-1,52,03T22@1,04T37@2,17,57,-1,-1,2
1295,T22,OTHER,57,5,54,15,-1,-1,09T22@4,BUYER,0,57,-1,-1,5
1294,T23,OTHER,57,1,54,15,-1,-1,08T23@4,BUYER,0,57,-1,-1,5
1293,T22,OTHER,57,2,54,15,-1,-1,09T22@4,BUYER,0,57,-1,-1,5
2386,T22,T22,57,28,68,47,-1,47,07T22@3,09T22@4,17,57,-1,-1,4
2458,T37,T22,57,30,53,51,-1,51,04T37@2,07T22@3,17,57,-1,-1,3
2388,T22,T22,57,28,68,47,-1,47,06T22@3,09T22@4,17,57,-1,-1,4
2466,T22,T22,57,5,65,51,-1,51,06T22@3,09T22@4,17,57,-1,-1,4
2488,T22,T37,57,5,13,53,-1,53,03T22@1,04T37@2,17,57,-1,-1,2
2443,T22,T23,57,1,79,50,-1,50,06T22@3,08T23@4,14,57,-1,-1,4
2455,T37,T22,57,30,53,-1,-1,50,04T37@2,07T22@3,17,-1,-1,-1,3
2528,T22,T23,57,1,45,56,-1,56,06T22@3,08T23@4,2,57,-1,-1,4
1296,OTHER,T40,57,2,10,15,-1,-1,SELLER,00T40@0,0,57,-1,-1,0
1297,OTHER,T40,57,3,10,15,-1,-1,SELLER,00T40@0,0,57,-1,-1,0
1311,OTHER,T22,57,3,10,15,-1,-1,SELLER,01T22@0,0,57,-1,-1,0
2538,T22,T23,57,4,42,-1,-1,57,06T22@3,08T23@4,10,-1,-1,-1,4
1314,T23,OTHER,57,6,54,15,-1,-1,08T23@4,BUYER,0,57,-1,-1,5
1315,OTHER,T22,57,2,10,15,-1,-1,SELLER,01T22@0,0,57,-1,-1,0
2401,T22,T23,57,29,57,48,-1,48,06T22@3,08T23@4,19,57,-1,-1,4
2424,T22,T22,57,5,21,49,-1,49,06T22@3,09T22@4,17,57,-1,-1,4
1307,T23,OTHER,57,1,54,15,-1,-1,08T23@4,BUYER,0,57,-1,-1,5
1305,T22,OTHER,57,1,54,15,-1,-1,09T22@4,BUYER,0,57,-1,-1,5
1302,OTHER,T22,57,2,10,15,-1,-1,SELLER,01T22@0,0,57,-1,-1,0
1312,OTHER,T40,57,3,10,15,-1,-1,SELLER,00T40@0,0,57,-1,-1,0
2404,T22,T22,57,24,44,48,-1,48,07T22@3,09T22@4,2,57,-1,-1,4
1300,T22,OTHER,57,4,54,15,-1,-1,09T22@4,BUYER,0,57,-1,-1,5
1316,OTHER,T22,57,2,10,15,-1,-1,SELLER,01T22@0,0,57,-1,-1,0
2541,T22,T22,57,1,22,-1,-1,57,07T22@3,09T22@4,17,-1,-1,-1,4
2539,T22,T23,57,4,39,-1,-1,57,07T22@3,08T23@4,13,-1,-1,-1,4
1298,OTHER,T22,57,3,10,15,-1,-1,SELLER,01T22@0,0,57,-1,-1,0
1342,OTHER,T22,58,2,10,16,-1,-1,SELLER,01T22@0,0,58,-1,-1,0
1337,T23,OTHER,58,1,54,16,-1,-1,08T23@4,BUYER,0,58,-1,-1,5
1336,OTHER,T40,58,2,10,16,-1,-1,SELLER,00T40@0,0,58,-1,-1,0
2479,T40,T22,58,17,20,52,-1,52,00T40@0,03T22@1,17,58,-1,-1,1
1332,T23,OTHER,58,4,54,16,-1,-1,08T23@4,BUYER,0,58,-1,-1,5
1329,OTHER,T40,58,1,10,16,-1,-1,SELLER,00T40@0,0,58,-1,-1,0
1327,OTHER,T22,58,1,10,16,-1,-1,SELLER,01T22@0,0,58,-1,-1,0
1345,T23,OTHER,58,1,54,16,-1,-1,08T23@4,BUYER,0,58,-1,-1,5
1348,OTHER,T22,58,5,10,16,-1,-1,SELLER,01T22@0,0,58,-1,-1,0
1350,OTHER,T22,58,1,10,16,-1,-1,SELLER,01T22@0,0,58,-1,-1,0
1325,OTHER,T40,58,2,10,16,-1,-1,SELLER,00T40@0,0,58,-1,-1,0
2491,T22,T22,58,35,69,-1,-1,53,07T22@3,09T22@4,17,-1,-1,-1,4
2460,T22,T23,58,2,85,51,-1,51,06T22@3,08T23@4,13,58,-1,-1,4
1353,OTHER,T22,58,2,10,16,-1,-1,SELLER,01T22@0,0,58,-1,-1,0
2547,T22,T22,58,9,44,-1,-1,58,06T22@3,09T22@4,2,-1,-1,-1,4
2548,T22,T23,58,2,42,-1,-1,58,06T22@3,08T23@4,10,-1,-1,-1,4
2517,T22,T23,58,8,44,-1,-1,55,06T22@3,08T23@4,13,-1,-1,-1,4
2551,T22,T22,58,9,44,-1,-1,58,06T22@3,09T22@4,2,-1,-1,-1,4
2516,T22,T22,58,9,21,-1,-1,55,06T22@3,09T22@4,17,-1,-1,-1,4
2492,T22,T22,58,9,21,54,-1,54,06T22@3,09T22@4,17,58,-1,-1,4
1359,T22,OTHER,58,3,54,-1,-1,-1,09T22@4,BUYER,0,-1,-1,-1,5
2514,T22,T37,58,5,24,55,-1,55,03T22@1,04T37@2,6,58,-1,-1,2
1355,T22,OTHER,58,4,54,-1,-1,-1,09T22@4,BUYER,0,-1,-1,-1,5
2503,T22,T37,58,5,24,54,-1,54,03T22@1,04T37@2,2,58,-1,-1,2
1354,OTHER,T40,58,4,10,16,-1,-1,SELLER,00T40@0,0,58,-1,-1,0
1358,T22,OTHER,58,3,54,-1,-1,-1,09T22@4,BUYER,0,-1,-1,-1,5
1351,T23,OTHER,58,4,54,16,-1,-1,08T23@4,BUYER,0,58,-1,-1,5
2513,T22,T37,59,5,13,55,-1,55,03T22@1,04T37@2,17,59,-1,-1,2
2486,T37,T22,59,26,49,53,-1,53,04T37@2,06T22@3,17,59,-1,-1,3
2499,T37,T22,59,26,49,54,-1,54,04T37@2,06T22@3,17,59,-1,-1,3
2495,T22,T23,59,3,78,54,-1,54,06T22@3,08T23@4,15,59,-1,-1,4
2477,T37,T22,59,26,49,52,-1,52,04T37@2,07T22@3,17,59,-1,-1,3
2546,T22,T22,59,11,24,58,-1,58,07T22@3,09T22@4,17,59,-1,-1,4
2525,T22,T37,59,5,24,56,-1,56,03T22@1,04T37@2,6,59,-1,-1,2
1399,T22,OTHER,59,3,54,-1,-1,-1,09T22@4,BUYER,0,-1,-1,-1,5
1397,T22,OTHER,59,1,54,-1,-1,-1,09T22@4,BUYER,0,-1,-1,-1,5
1367,OTHER,T22,59,2,10,17,-1,-1,SELLER,01T22@0,0,59,-1,-1,0
1368,OTHER,T22,59,3,10,17,-1,-1,SELLER,01T22@0,0,59,-1,-1,0
1371,OTHER,T40,59,4,10,17,-1,-1,SELLER,00T40@0,0,59,-1,-1,0
1373,OTHER,T40,59,3,10,17,-1,-1,SELLER,00T40@0,0,59,-1,-1,0
1378,T23,OTHER,59,3,54,17,-1,-1,08T23@4,BUYER,0,59,-1,-1,5
1386,T23,OTHER,59,1,54,17,-1,-1,08T23@4,BUYER,0,59,-1,-1,5
1387,T23,OTHER,59,2,54,17,-1,-1,08T23@4,BUYER,0,59,-1,-1,5
1372,OTHER,T22,59,5,10,17,-1,-1,SELLER,01T22@0,0,59,-1,-1,0
1389,OTHER,T22,59,2,10,17,-1,-1,SELLER,01T22@0,0,59,-1,-1,0
1401,T22,OTHER,59,2,54,-1,-1,-1,09T22@4,BUYER,0,-1,-1,-1,5
1400,T22,OTHER,59,3,54,-1,-1,-1,09T22@4,BUYER,0,-1,-1,-1,5
1391,OTHER,T40,59,1,10,17,-1,-1,SELLER,00T40@0,0,59,-1,-1,0
1402,T22,OTHER,59,2,54,-1,-1,-1,09T22@4,BUYER,0,-1,-1,-1,5
1393,T23,OTHER,59,3,54,17,-1,-1,08T23@4,BUYER,0,59,-1,-1,5
1404,OTHER,T22,60,1,10,18,-1,-1,SELLER,01T22@0,0,60,-1,-1,0
1421,OTHER,T22,60,4,10,18,-1,-1,SELLER,01T22@0,0,60,-1,-1,0
2494,T22,T22,60,5,65,54,-1,54,07T22@3,09T22@4,17,60,-1,-1,4
1416,T23,OTHER,60,1,54,18,-1,-1,08T23@4,BUYER,0,60,-1,-1,5
2496,T22,T22,60,5,65,54,-1,54,06T22@3,09T22@4,17,60,-1,-1,4
1435,T23,OTHER,60,4,54,18,-1,-1,08T23@4,BUYER,0,60,-1,-1,5
2559,T22,T23,60,1,37,60,-1,60,07T22@3,08T23@4,13,60,-1,-1,4
1415,OTHER,T22,60,2,10,18,-1,-1,SELLER,01T22@0,0,60,-1,-1,0
2549,T22,T23,60,23,81,-1,-1,58,07T22@3,08T23@4,2,-1,-1,-1,4
1411,T22,OTHER,60,3,54,18,-1,-1,09T22@4,BUYER,0,60,-1,-1,5
1409,T22,OTHER,60,2,54,18,-1,-1,09T22@4,BUYER,0,60,-1,-1,5
1427,OTHER,T40,60,5,10,18,-1,-1,SELLER,00T40@0,0,60,-1,-1,0
2526,T22,T37,60,5,13,56,-1,56,03T22@1,04T37@2,17,60,-1,-1,2
2531,T22,T22,60,6,44,57,-1,57,07T22@3,09T22@4,5,60,-1,-1,4
2509,T22,T22,60,57,68,55,-1,55,06T22@3,09T22@4,17,60,-1,-1,4
1405,T23,OTHER,60,3,54,18,-1,-1,08T23@4,BUYER,0,60,-1,-1,5
1414,OTHER,T22,60,4,10,18,-1,-1,SELLER,01T22@0,0,60,-1,-1,0
1429,T22,OTHER,60,2,54,18,-1,-1,09T22@4,BUYER,0,60,-1,-1,5
1431,T23,OTHER,60,3,54,18,-1,-1,08T23@4,BUYER,0,60,-1,-1,5
1436,OTHER,T40,60,3,10,18,-1,-1,SELLER,00T40@0,0,60,-1,-1,0
1438,OTHER,T40,60,1,10,18,-1,-1,SELLER,00T40@0,0,60,-1,-1,0
1439,T22,OTHER,60,2,54,18,-1,-1,09T22@4,BUYER,0,60,-1,-1,5
2462,T40,T22,60,13,20,51,-1,51,00T40@0,03T22@1,17,60,-1,-1,1
1472,OTHER,T40,61,3,10,19,-1,-1,SELLER,00T40@0,0,61,-1,-1,0
1463,OTHER,T22,61,1,10,19,-1,-1,SELLER,01T22@0,0,61,-1,-1,0
1473,T23,OTHER,61,2,54,19,-1,-1,08T23@4,BUYER,0,61,-1,-1,5
1474,OTHER,T40,61,3,10,19,-1,-1,SELLER,00T40@0,0,61,-1,-1,0
1476,OTHER,T22,61,1,10,19,-1,-1,SELLER,01T22@0,0,61,-1,-1,0
1459,OTHER,T22,61,5,10,19,-1,-1,SELLER,01T22@0,0,61,-1,-1,0
1477,T23,OTHER,61,4,54,19,-1,-1,08T23@4,BUYER,0,61,-1,-1,5
2556,T40,T22,61,5,7,59,-1,59,00T40@0,03T22@1,17,61,-1,-1,1
2500,T37,T22,61,24,49,54,-1,54,04T37@2,07T22@3,17,61,-1,-1,3
1478,T23,OTHER,61,2,54,19,-1,-1,08T23@4,BUYER,0,61,-1,-1,5
1456,OTHER,T22,61,2,10,19,-1,-1,SELLER,01T22@0,0,61,-1,-1,0
1455,T23,OTHER,61,1,54,19,-1,-1,08T23@4,BUYER,0,61,-1,-1,5
2532,T22,T23,61,2,83,57,-1,57,06T22@3,08T23@4,13,61,-1,-1,4
2476,T22,T22,61,13,20,52,-1,52,01T22@0,03T22@1,17,61,-1,-1,1
1453,T22,OTHER,61,1,54,19,-1,-1,09T22@4,BUYER,0,61,-1,-1,5
1452,T22,OTHER,61,4,54,19,-1,-1,09T22@4,BUYER,0,61,-1,-1,5
1449,T23,OTHER,61,6,54,19,-1,-1,08T23@4,BUYER,0,61,-1,-1,5
1447,OTHER,T22,61,2,10,19,-1,-1,SELLER,01T22@0,0,61,-1,-1,0
2523,T22,T23,61,2,83,56,-1,56,07T22@3,08T23@4,12,61,-1,-1,4
2521,T37,T22,61,24,49,-1,-1,55,04T37@2,06T22@3,17,-1,-1,-1,3
2487,T37,T22,61,24,49,53,-1,53,04T37@2,07T22@3,17,61,-1,-1,3
2471,T37,T22,61,41,49,-1,-1,51,04T37@2,06T22@3,17,-1,-1,-1,3
1460,OTHER,T40,61,3,10,19,-1,-1,SELLER,00T40@0,0,61,-1,-1,0
2536,T22,T23,62,3,78,57,-1,57,06T22@3,08T23@4,14,62,-1,-1,4
2522,T22,T22,62,5,65,56,-1,56,07T22@3,09T22@4,17,62,-1,-1,4
2512,T37,T22,62,5,52,55,-1,55,04T37@2,06T22@3,17,62,-1,-1,3
2484,T22,T23,62,5,87,53,-1,53,06T22@3,08T23@4,8,62,-1,-1,4
2545,T22,T23,62,9,44,58,-1,58,07T22@3,08T23@4,6,62,-1,-1,4
1501,T23,OTHER,62,3,54,20,-1,-1,08T23@4,BUYER,0,62,-1,-1,5
1513,OTHER,T40,62,3,10,20,-1,-1,SELLER,00T40@0,0,62,-1,-1,0
1506,T22,OTHER,62,3,54,20,-1,-1,09T22@4,BUYER,0,62,-1,-1,5
1508,T22,OTHER,62,3,54,20,-1,-1,09T22@4,BUYER,0,62,-1,-1,5
1499,T22,OTHER,62,3,54,20,-1,-1,09T22@4,BUYER,0,62,-1,-1,5
1498,OTHER,T40,62,2,10,20,-1,-1,SELLER,00T40@0,0,62,-1,-1,0
1510,OTHER,T22,62,3,10,20,-1,-1,SELLER,01T22@0,0,62,-1,-1,0
1490,OTHER,T40,62,2,10,20,-1,-1,SELLER,00T40@0,0,62,-1,-1,0
1487,OTHER,T22,62,1,10,20,-1,-1,SELLER,01T22@0,0,62,-1,-1,0
1502,OTHER,T22,62,3,10,20,-1,-1,SELLER,01T22@0,0,62,-1,-1,0
1486,OTHER,T40,62,2,10,20,-1,-1,SELLER,00T40@0,0,62,-1,-1,0
1515,OTHER,T40,62,2,10,20,-1,-1,SELLER,00T40@0,0,62,-1,-1,0
2584,T22,T22,62,1,22,62,-1,62,07T22@3,09T22@4,17,62,-1,-1,4
1518,T23,OTHER,62,3,54,20,-1,-1,08T23@4,BUYER,0,62,-1,-1,5
1526,T22,OTHER,62,3,54,-1,-1,-1,09T22@4,BUYER,0,-1,-1,-1,5
1527,T22,OTHER,62,2,54,-1,-1,-1,09T22@4,BUYER,0,-1,-1,-1,5
2498,T22,T23,62,5,86,54,-1,54,06T22@3,08T23@4,14,62,-1,-1,4
1485,OTHER,T40,62,2,10,20,-1,-1,SELLER,00T40@0,0,62,-1,-1,0
2502,T22,T23,62,1,88,54,-1,54,07T22@3,08T23@4,7,62,-1,-1,4
2518,T22,T23,62,37,83,-1,-1,55,06T22@3,08T23@4,13,-1,-1,-1,4
2608,T22,T37,63,5,12,-1,-1,63,03T22@1,04T37@2,17,-1,-1,-1,2
2592,T22,T23,63,1,88,62,-1,62,06T22@3,08T23@4,2,63,-1,-1,4
2535,T40,T22,63,14,22,57,-1,57,00T40@0,03T22@1,17,63,-1,-1,1
2581,T22,T23,63,64,59,-1,-1,61,07T22@3,08T23@4,2,-1,-1,-1,4
2611,T37,T22,63,83,34,-1,-1,63,04T37@2,06T22@3,2,-1,-1,-1,3
2544,T22,T23,63,7,83,58,-1,58,06T22@3,08T23@4,12,63,-1,-1,4
1547,T23,OTHER,63,4,54,21,-1,-1,08T23@4,BUYER,0,63,-1,-1,5
1549,OTHER,T40,63,5,10,21,-1,-1,SELLER,00T40@0,0,63,-1,-1,0
2614,T22,T23,63,9,85,-1,-1,63,07T22@3,08T23@4,2,-1,-1,-1,4
1539,OTHER,T40,63,2,10,21,-1,-1,SELLER,00T40@0,0,63,-1,-1,0
1550,T23,OTHER,63,3,54,21,-1,-1,08T23@4,BUYER,0,63,-1,-1,5
1552,T22,OTHER,63,2,54,21,-1,-1,09T22@4,BUYER,0,63,-1,-1,5
1556,OTHER,T22,63,3,10,21,-1,-1,SELLER,01T22@0,0,63,-1,-1,0
1536,T22,OTHER,63,1,54,21,-1,-1,09T22@4,BUYER,0,63,-1,-1,5
1558,OTHER,T40,63,3,10,21,-1,-1,SELLER,00T40@0,0,63,-1,-1,0
1535,T22,OTHER,63,3,54,21,-1,-1,09T22@4,BUYER,0,63,-1,-1,5
1534,OTHER,T40,63,3,10,21,-1,-1,SELLER,00T40@0,0,63,-1,-1,0
1533,T22,OTHER,63,2,54,21,-1,-1,09T22@4,BUYER,0,63,-1,-1,5
1542,OTHER,T22,63,3,10,21,-1,-1,SELLER,01T22@0,0,63,-1,-1,0
2511,T22,T23,63,2,82,55,-1,55,06T22@3,08T23@4,15,63,-1,-1,4
1532,OTHER,T40,63,1,10,21,-1,-1,SELLER,00T40@0,0,63,-1,-1,0
1530,T22,OTHER,63,3,54,21,-1,-1,09T22@4,BUYER,0,63,-1,-1,5
1529,T23,OTHER,63,1,54,21,-1,-1,08T23@4,BUYER,0,63,-1,-1,5
2497,T40,T22,63,14,20,54,-1,54,00T40@0,03T22@1,17,63,-1,-1,1
2493,T22,T22,63,14,20,54,-1,54,01T22@0,03T22@1,17,63,-1,-1,1
2483,T22,T23,63,20,88,53,-1,53,07T22@3,08T23@4,15,63,-1,-1,4
2485,T22,T37,63,1,36,53,-1,53,03T22@1,04T37@2,17,63,-1,-1,2
1540,T23,OTHER,63,1,54,21,-1,-1,08T23@4,BUYER,0,63,-1,-1,5
2552,T40,T22,64,19,20,59,-1,59,00T40@0,03T22@1,17,64,-1,-1,1
2501,T22,T37,64,19,37,54,-1,54,03T22@1,04T37@2,17,64,-1,-1,2
2586,T22,T22,64,5,7,62,-1,62,01T22@0,03T22@1,17,64,-1,-1,1
2602,T22,T23,64,7,42,63,-1,63,07T22@3,08T23@4,10,64,-1,-1,4
2554,T22,T23,64,2,82,59,-1,59,06T22@3,08T23@4,15,64,-1,-1,4
2515,T22,T23,64,31,82,55,-1,55,07T22@3,08T23@4,13,64,-1,-1,4
2533,T22,T22,64,53,68,57,-1,57,07T22@3,09T22@4,17,64,-1,-1,4
1591,OTHER,T40,64,2,10,22,-1,-1,SELLER,00T40@0,0,64,-1,-1,0
1592,OTHER,T22,64,3,10,22,-1,-1,SELLER,01T22@0,0,64,-1,-1,0
1594,OTHER,T22,64,2,10,22,-1,-1,SELLER,01T22@0,0,64,-1,-1,0
1595,OTHER,T22,64,3,10,22,-1,-1,SELLER,01T22@0,0,64,-1,-1,0
1583,T23,OTHER,64,4,54,22,-1,-1,08T23@4,BUYER,0,64,-1,-1,5
1582,T22,OTHER,64,1,54,22,-1,-1,09T22@4,BUYER,0,64,-1,-1,5
1581,T22,OTHER,64,2,54,22,-1,-1,09T22@4,BUYER,0,64,-1,-1,5
1580,OTHER,T40,64,3,10,22,-1,-1,SELLER,00T40@0,0,64,-1,-1,0
1574,T22,OTHER,64,2,54,22,-1,-1,09T22@4,BUYER,0,64,-1,-1,5
1573,OTHER,T22,64,2,10,22,-1,-1,SELLER,01T22@0,0,64,-1,-1,0
1571,OTHER,T22,64,1,10,22,-1,-1,SELLER,01T22@0,0,64,-1,-1,0
1569,T22,OTHER,64,3,54,22,-1,-1,09T22@4,BUYER,0,64,-1,-1,5
2527,T22,T23,64,15,80,56,-1,56,07T22@3,08T23@4,15,64,-1,-1,4
1568,T23,OTHER,64,5,54,22,-1,-1,08T23@4,BUYER,0,64,-1,-1,5
1564,T22,OTHER,64,3,54,22,-1,-1,09T22@4,BUYER,0,64,-1,-1,5
1588,OTHER,T40,64,2,10,22,-1,-1,SELLER,00T40@0,0,64,-1,-1,0
2618,T22,T22,64,5,24,64,-1,64,06T22@3,09T22@4,17,64,-1,-1,4
1589,OTHER,T22,64,2,10,22,-1,-1,SELLER,01T22@0,0,64,-1,-1,0
2534,T22,T22,65,5,67,57,-1,57,06T22@3,09T22@4,17,65,-1,-1,4
2553,T22,T23,65,5,86,59,-1,59,07T22@3,08T23@4,10,65,-1,-1,4
2606,T22,T22,65,5,44,63,-1,63,07T22@3,09T22@4,2,65,-1,-1,4
2558,T37,T22,65,5,52,-1,-1,59,04T37@2,06T22@3,17,-1,-1,-1,3
2561,T22,T23,65,2,87,60,-1,60,07T22@3,08T23@4,10,65,-1,-1,4
2562,T22,T22,65,42,44,60,-1,60,06T22@3,09T22@4,2,65,-1,-1,4
2565,T22,T22,65,17,22,60,-1,60,01T22@0,03T22@1,17,65,-1,-1,1
2568,T37,T22,65,5,52,-1,-1,60,04T37@2,07T22@3,17,-1,-1,-1,3
2623,T37,T22,65,15,50,-1,-1,64,04T37@2,07T22@3,17,-1,-1,-1,3
2579,T37,T22,65,5,52,-1,-1,61,04T37@2,06T22@3,17,-1,-1,-1,3
2580,T22,T23,65,3,85,-1,-1,61,06T22@3,08T23@4,13,-1,-1,-1,4
2540,T22,T23,65,46,87,-1,-1,57,07T22@3,08T23@4,16,-1,-1,-1,4
2524,T22,T23,65,5,87,56,-1,56,06T22@3,08T23@4,9,65,-1,-1,4
1632,OTHER,T22,65,3,10,23,-1,-1,SELLER,01T22@0,0,65,-1,-1,0
1630,T23,OTHER,65,2,54,23,-1,-1,08T23@4,BUYER,0,65,-1,-1,5
2583,T37,T22,65,5,52,62,-1,62,04T37@2,07T22@3,17,65,-1,-1,3
1627,T23,OTHER,65,3,54,23,-1,-1,08T23@4,BUYER,0,65,-1,-1,5
1618,T22,OTHER,65,3,54,23,-1,-1,09T22@4,BUYER,0,65,-1,-1,5
1613,OTHER,T40,65,4,10,23,-1,-1,SELLER,00T40@0,0,65,-1,-1,0
1628,OTHER,T40,65,1,10,23,-1,-1,SELLER,00T40@0,0,65,-1,-1,0
1620,T23,OTHER,65,2,54,23,-1,-1,08T23@4,BUYER,0,65,-1,-1,5
1621,OTHER,T40,65,2,10,23,-1,-1,SELLER,00T40@0,0,65,-1,-1,0
1604,OTHER,T22,65,4,10,23,-1,-1,SELLER,01T22@0,0,65,-1,-1,0
1614,T22,OTHER,65,2,54,23,-1,-1,09T22@4,BUYER,0,65,-1,-1,5
2510,T22,T37,65,1,36,55,-1,55,03T22@1,04T37@2,17,65,-1,-1,2
1622,OTHER,T22,65,3,10,23,-1,-1,SELLER,01T22@0,0,65,-1,-1,0
1623,OTHER,T40,65,3,10,23,-1,-1,SELLER,00T40@0,0,65,-1,-1,0
1624,T23,OTHER,65,2,54,23,-1,-1,08T23@4,BUYER,0,65,-1,-1,5
1625,T22,OTHER,65,2,54,23,-1,-1,09T22@4,BUYER,0,65,-1,-1,5
1626,T22,OTHER,65,2,54,23,-1,-1,09T22@4,BUYER,0,65,-1,-1,5
1615,T22,OTHER,65,2,54,23,-1,-1,09T22@4,BUYER,0,65,-1,-1,5
2542,T22,T23,66,4,87,58,-1,58,07T22@3,08T23@4,9,66,-1,-1,4
2550,T37,T22,66,5,50,-1,-1,58,04T37@2,06T22@3,17,-1,-1,-1,3
2566,T22,T22,66,5,65,60,-1,60,07T22@3,09T22@4,17,66,-1,-1,4
2597,T37,T22,66,6,34,-1,-1,62,04T37@2,06T22@3,2,-1,-1,-1,3
2569,T37,T22,66,6,52,-1,-1,60,04T37@2,06T22@3,17,-1,-1,-1,3
2574,T22,T23,66,2,87,61,-1,61,07T22@3,08T23@4,10,66,-1,-1,4
2575,T22,T23,66,2,83,-1,-1,61,06T22@3,08T23@4,12,-1,-1,-1,4
2589,T22,T22,66,6,44,62,-1,62,07T22@3,09T22@4,2,66,-1,-1,4
2600,T37,T22,66,5,50,63,-1,63,04T37@2,06T22@3,17,66,-1,-1,3
2537,T22,T22,66,5,67,57,-1,57,06T22@3,09T22@4,17,66,-1,-1,4
2591,T37,T22,66,6,52,62,-1,62,04T37@2,07T22@3,17,66,-1,-1,3
2617,T37,T22,66,6,52,64,-1,64,04T37@2,06T22@3,17,66,-1,-1,3
2590,T22,T23,66,6,40,62,-1,62,07T22@3,08T23@4,12,66,-1,-1,4
1666,OTHER,T40,66,2,10,24,-1,-1,SELLER,00T40@0,0,66,-1,-1,0
1672,T23,OTHER,66,4,54,24,-1,-1,08T23@4,BUYER,0,66,-1,-1,5
1676,T22,OTHER,66,2,54,-1,-1,-1,09T22@4,BUYER,0,-1,-1,-1,5
1678,T22,OTHER,66,5,54,-1,-1,-1,09T22@4,BUYER,0,-1,-1,-1,5
1665,OTHER,T22,66,2,10,24,-1,-1,SELLER,01T22@0,0,66,-1,-1,0
1662,T22,OTHER,66,1,54,24,-1,-1,09T22@4,BUYER,0,66,-1,-1,5
2530,T22,T22,66,14,20,57,-1,57,01T22@0,03T22@1,17,66,-1,-1,1
1667,T22,OTHER,66,1,54,24,-1,-1,09T22@4,BUYER,0,66,-1,-1,5
2529,T22,T37,66,17,37,56,-1,56,03T22@1,04T37@2,17,66,-1,-1,2
1656,OTHER,T22,66,1,10,24,-1,-1,SELLER,01T22@0,0,66,-1,-1,0
1655,OTHER,T22,66,2,10,24,-1,-1,SELLER,01T22@0,0,66,-1,-1,0
1654,OTHER,T22,66,5,10,24,-1,-1,SELLER,01T22@0,0,66,-1,-1,0
1652,OTHER,T40,66,2,10,24,-1,-1,SELLER,00T40@0,0,66,-1,-1,0
1648,OTHER,T40,66,6,10,24,-1,-1,SELLER,00T40@0,0,66,-1,-1,0
1647,T23,OTHER,66,1,54,24,-1,-1,08T23@4,BUYER,0,66,-1,-1,5
1661,T22,OTHER,66,2,54,24,-1,-1,09T22@4,BUYER,0,66,-1,-1,5
1668,T23,OTHER,66,4,54,24,-1,-1,08T23@4,BUYER,0,66,-1,-1,5
2571,T22,T22,67,5,65,61,-1,61,07T22@3,09T22@4,17,67,-1,-1,4
2576,T22,T22,67,5,65,-1,-1,61,06T22@3,09T22@4,17,-1,-1,-1,4
2577,T37,T22,67,24,53,-1,-1,61,04T37@2,07T22@3,17,-1,-1,-1,3
2563,T22,T23,67,5,84,60,-1,60,06T22@3,08T23@4,12,67,-1,-1,4
1686,T23,OTHER,67,2,54,25,-1,-1,08T23@4,BUYER,0,67,-1,-1,5
2557,T37,T22,67,6,50,-1,-1,59,04T37@2,07T22@3,17,-1,-1,-1,3
1687,OTHER,T40,67,2,10,25,-1,-1,SELLER,00T40@0,0,67,-1,-1,0
1684,OTHER,T40,67,4,10,25,-1,-1,SELLER,00T40@0,0,67,-1,-1,0
1689,T23,OTHER,67,3,54,25,-1,-1,08T23@4,BUYER,0,67,-1,-1,5
1683,OTHER,T22,67,1,10,25,-1,-1,SELLER,01T22@0,0,67,-1,-1,0
1690,OTHER,T22,67,2,10,25,-1,-1,SELLER,01T22@0,0,67,-1,-1,0
2647,T22,T23,67,4,34,67,-1,67,06T22@3,08T23@4,15,67,-1,-1,4
1679,OTHER,T40,67,1,10,25,-1,-1,SELLER,00T40@0,0,67,-1,-1,0
1694,OTHER,T40,67,2,10,25,-1,-1,SELLER,00T40@0,0,67,-1,-1,0
1696,OTHER,T22,67,2,10,25,-1,-1,SELLER,01T22@0,0,67,-1,-1,0
1698,T23,OTHER,67,3,54,25,-1,-1,08T23@4,BUYER,0,67,-1,-1,5
1703,OTHER,T22,67,4,10,25,-1,-1,SELLER,01T22@0,0,67,-1,-1,0
1706,T22,OTHER,67,2,54,-1,-1,-1,09T22@4,BUYER,0,-1,-1,-1,5
1708,T22,OTHER,67,2,54,-1,-1,-1,09T22@4,BUYER,0,-1,-1,-1,5
1711,T22,OTHER,67,3,54,-1,-1,-1,09T22@4,BUYER,0,-1,-1,-1,5
1713,T22,OTHER,67,5,54,-1,-1,-1,09T22@4,BUYER,0,-1,-1,-1,5
2560,T37,T22,67,24,53,60,-1,60,04T37@2,07T22@3,17,67,-1,-1,3
1693,OTHER,T40,67,2,10,25,-1,-1,SELLER,00T40@0,0,67,-1,-1,0
2582,T37,T22,67,6,50,-1,-1,61,04T37@2,06T22@3,17,-1,-1,-1,3
2621,T22,T23,67,9,79,-1,-1,64,06T22@3,08T23@4,2,-1,-1,-1,4
2612,T22,T23,67,2,83,-1,-1,63,07T22@3,08T23@4,12,-1,-1,-1,4
2610,T37,T22,67,6,50,-1,-1,63,04T37@2,06T22@3,17,-1,-1,-1,3
2594,T22,T37,67,17,35,62,-1,62,03T22@1,04T37@2,17,67,-1,-1,2
1719,T22,OTHER,68,1,54,26,-1,-1,09T22@4,BUYER,0,68,-1,-1,5
1735,OTHER,T40,68,1,10,26,-1,-1,SELLER,00T40@0,0,68,-1,-1,0
1734,OTHER,T40,68,2,10,26,-1,-1,SELLER,00T40@0,0,68,-1,-1,0
1733,OTHER,T40,68,4,10,26,-1,-1,SELLER,00T40@0,0,68,-1,-1,0
1732,OTHER,T22,68,4,10,26,-1,-1,SELLER,01T22@0,0,68,-1,-1,0
1718,OTHER,T40,68,1,10,26,-1,-1,SELLER,00T40@0,0,68,-1,-1,0
1720,T22,OTHER,68,2,54,26,-1,-1,09T22@4,BUYER,0,68,-1,-1,5
1729,OTHER,T22,68,1,10,26,-1,-1,SELLER,01T22@0,0,68,-1,-1,0
1737,T23,OTHER,68,1,54,26,-1,-1,08T23@4,BUYER,0,68,-1,-1,5
1722,T22,OTHER,68,2,54,26,-1,-1,09T22@4,BUYER,0,68,-1,-1,5
1724,OTHER,T40,68,3,10,26,-1,-1,SELLER,00T40@0,0,68,-1,-1,0
1728,OTHER,T40,68,2,10,26,-1,-1,SELLER,00T40@0,0,68,-1,-1,0
1725,T23,OTHER,68,3,54,26,-1,-1,08T23@4,BUYER,0,68,-1,-1,5
1727,OTHER,T22,68,2,10,26,-1,-1,SELLER,01T22@0,0,68,-1,-1,0
1721,T23,OTHER,68,2,54,26,-1,-1,08T23@4,BUYER,0,68,-1,-1,5
1717,T22,OTHER,68,4,54,26,-1,-1,09T22@4,BUYER,0,68,-1,-1,5
1714,T23,OTHER,68,3,54,26,-1,-1,08T23@4,BUYER,0,68,-1,-1,5
2596,T22,T22,68,5,65,-1,-1,62,06T22@3,09T22@4,17,-1,-1,-1,4
2613,T22,T23,68,25,87,-1,-1,63,07T22@3,08T23@4,9,-1,-1,-1,4
2619,T22,T37,68,5,13,64,-1,64,03T22@1,04T37@2,17,68,-1,-1,2
2585,T37,T22,68,24,49,62,-1,62,04T37@2,06T22@3,17,68,-1,-1,3
2543,T22,T22,68,9,67,58,-1,58,06T22@3,09T22@4,17,68,-1,-1,4
2609,T37,T22,68,24,49,-1,-1,63,04T37@2,07T22@3,17,-1,-1,-1,3
1715,T22,OTHER,68,2,54,26,-1,-1,09T22@4,BUYER,0,68,-1,-1,5
2634,T22,T23,68,2,87,-1,-1,65,06T22@3,08T23@4,9,-1,-1,-1,4
2641,T22,T23,68,23,78,-1,-1,66,06T22@3,08T23@4,2,-1,-1,-1,4
2578,T37,T22,68,6,52,-1,-1,61,04T37@2,06T22@3,17,-1,-1,-1,3
2605,T22,T22,68,28,64,63,-1,63,07T22@3,09T22@4,17,68,-1,-1,4
2603,T22,T22,68,5,65,63,-1,63,07T22@3,09T22@4,17,68,-1,-1,4
2607,T37,T22,69,25,34,-1,-1,63,04T37@2,07T22@3,2,-1,-1,-1,3
2555,T22,T22,69,11,20,59,-1,59,01T22@0,03T22@1,17,69,-1,-1,1
2626,T22,T23,69,2,86,65,-1,65,07T22@3,08T23@4,10,69,-1,-1,4
2622,T22,T23,69,5,84,-1,-1,64,06T22@3,08T23@4,15,-1,-1,-1,4
2604,T37,T22,69,6,50,63,-1,63,04T37@2,07T22@3,17,69,-1,-1,3
2616,T22,T37,69,1,36,64,-1,64,03T22@1,04T37@2,17,69,-1,-1,2
1757,T22,OTHER,69,4,54,27,-1,-1,09T22@4,BUYER,0,69,-1,-1,5
1760,T23,OTHER,69,2,54,27,-1,-1,08T23@4,BUYER,0,69,-1,-1,5
1762,OTHER,T22,69,4,10,27,-1,-1,SELLER,01T22@0,0,69,-1,-1,0
1750,OTHER,T22,69,7,10,27,-1,-1,SELLER,01T22@0,0,69,-1,-1,0
1748,OTHER,T22,69,1,10,27,-1,-1,SELLER,01T22@0,0,69,-1,-1,0
1763,T23,OTHER,69,3,54,27,-1,-1,08T23@4,BUYER,0,69,-1,-1,5
1747,T23,OTHER,69,3,54,27,-1,-1,08T23@4,BUYER,0,69,-1,-1,5
1746,T22,OTHER,69,2,54,27,-1,-1,09T22@4,BUYER,0,69,-1,-1,5
2671,T37,T22,69,3,17,-1,-1,69,04T37@2,07T22@3,17,-1,-1,-1,3
1765,OTHER,T22,69,1,10,27,-1,-1,SELLER,01T22@0,0,69,-1,-1,0
2593,T37,T22,69,6,50,62,-1,62,04T37@2,06T22@3,17,69,-1,-1,3
1756,OTHER,T40,69,3,10,27,-1,-1,SELLER,00T40@0,0,69,-1,-1,0
2570,T22,T22,69,5,67,61,-1,61,06T22@3,09T22@4,17,69,-1,-1,4
1761,T22,OTHER,69,2,54,27,-1,-1,09T22@4,BUYER,0,69,-1,-1,5
1752,T22,OTHER,69,1,54,27,-1,-1,09T22@4,BUYER,0,69,-1,-1,5
2664,T22,T23,69,3,62,69,-1,69,07T22@3,08T23@4,2,69,-1,-1,4
1754,OTHER,T40,69,4,10,27,-1,-1,SELLER,00T40@0,0,69,-1,-1,0
1751,T22,OTHER,69,3,54,27,-1,-1,09T22@4,BUYER,0,69,-1,-1,5
2685,T22,T22,70,48,44,-1,-1,70,06T22@3,09T22@4,2,-1,-1,-1,4
1783,OTHER,T40,70,2,10,28,-1,-1,SELLER,00T40@0,0,70,-1,-1,0
2651,T22,T22,70,5,7,68,-1,68,01T22@0,03T22@1,17,70,-1,-1,1
1786,T23,OTHER,70,1,54,28,-1,-1,08T23@4,BUYER,0,70,-1,-1,5
1785,T22,OTHER,70,4,54,28,-1,-1,09T22@4,BUYER,0,70,-1,-1,5
2564,T22,T37,70,20,37,60,-1,60,03T22@1,04T37@2,17,70,-1,-1,2
1793,OTHER,T40,70,1,10,28,-1,-1,SELLER,00T40@0,0,70,-1,-1,0
2624,T22,T23,70,11,80,-1,-1,64,06T22@3,08T23@4,15,-1,-1,-1,4
1787,OTHER,T22,70,4,10,28,-1,-1,SELLER,01T22@0,0,70,-1,-1,0
2683,T22,T23,70,11,62,-1,-1,70,07T22@3,08T23@4,2,-1,-1,-1,4
2627,T22,T22,70,17,22,65,-1,65,01T22@0,03T22@1,17,70,-1,-1,1
1794,T22,OTHER,70,3,54,28,-1,-1,09T22@4,BUYER,0,70,-1,-1,5
2567,T37,T22,70,29,34,-1,-1,60,04T37@2,07T22@3,2,-1,-1,-1,3
1781,T23,OTHER,70,1,54,28,-1,-1,08T23@4,BUYER,0,70,-1,-1,5
1779,T23,OTHER,70,4,54,28,-1,-1,08T23@4,BUYER,0,70,-1,-1,5
2628,T22,T37,70,16,35,65,-1,65,03T22@1,04T37@2,17,70,-1,-1,2
1790,T22,OTHER,70,1,54,28,-1,-1,09T22@4,BUYER,0,70,-1,-1,5
2663,T40,T22,70,17,7,69,-1,69,00T40@0,03T22@1,17,70,-1,-1,1
2630,T22,T22,70,9,65,65,-1,65,07T22@3,09T22@4,17,70,-1,-1,4
2654,T22,T23,70,3,35,68,-1,68,07T22@3,08T23@4,14,70,-1,-1,4
1775,OTHER,T22,70,3,10,28,-1,-1,SELLER,01T22@0,0,70,-1,-1,0
1777,T23,OTHER,70,2,54,28,-1,-1,08T23@4,BUYER,0,70,-1,-1,5
1778,OTHER,T40,70,7,10,28,-1,-1,SELLER,00T40@0,0,70,-1,-1,0
1782,OTHER,T22,70,3,10,28,-1,-1,SELLER,01T22@0,0,70,-1,-1,0
1791,T23,OTHER,70,4,54,28,-1,-1,08T23@4,BUYER,0,70,-1,-1,5
2690,T22,T23,71,3,46,71,-1,71,07T22@3,08T23@4,2,-1,-1,-1,4
1809,T22,OTHER,71,3,54,29,-1,-1,09T22@4,BUYER,0,71,-1,-1,5
2637,T22,T22,71,15,22,66,-1,66,01T22@0,03T22@1,17,71,-1,-1,1
1808,OTHER,T22,71,2,10,29,-1,-1,SELLER,01T22@0,0,71,-1,-1,0
1820,OTHER,T22,71,2,10,29,-1,-1,SELLER,01T22@0,0,71,-1,-1,0
2684,T22,T23,71,39,84,-1,-1,70,07T22@3,08T23@4,2,-1,-1,-1,4
1813,OTHER,T40,71,4,10,29,-1,-1,SELLER,00T40@0,0,71,-1,-1,0
1815,T23,OTHER,71,6,54,29,-1,-1,08T23@4,BUYER,0,71,-1,-1,5
2653,T22,T23,71,5,43,68,-1,68,06T22@3,08T23@4,9,-1,-1,-1,4
1821,T23,OTHER,71,2,54,29,-1,-1,08T23@4,BUYER,0,71,-1,-1,5
1822,T22,OTHER,71,1,54,29,-1,-1,09T22@4,BUYER,0,71,-1,-1,5
1824,OTHER,T22,71,2,10,29,-1,-1,SELLER,01T22@0,0,71,-1,-1,0
2661,T22,T23,71,1,67,69,-1,69,06T22@3,08T23@4,2,-1,-1,-1,4
2660,T37,T22,71,26,34,-1,-1,68,04T37@2,07T22@3,2,-1,-1,-1,3
1825,OTHER,T40,71,2,10,29,-1,-1,SELLER,00T40@0,0,71,-1,-1,0
1826,OTHER,T40,71,1,10,29,-1,-1,SELLER,00T40@0,0,71,-1,-1,0
1827,T22,OTHER,71,4,54,29,-1,-1,09T22@4,BUYER,0,71,-1,-1,5
1811,OTHER,T22,71,1,10,29,-1,-1,SELLER,01T22@0,0,71,-1,-1,0
1806,T23,OTHER,71,3,54,29,-1,-1,08T23@4,BUYER,0,71,-1,-1,5
1819,T23,OTHER,71,1,54,29,-1,-1,08T23@4,BUYER,0,71,-1,-1,5
2598,T22,T22,71,5,21,63,-1,63,06T22@3,09T22@4,17,71,-1,-1,4
2642,T37,T22,71,39,53,-1,-1,66,04T37@2,06T22@3,17,-1,-1,-1,3
1805,OTHER,T22,71,1,10,29,-1,-1,SELLER,01T22@0,0,71,-1,-1,0
1804,OTHER,T22,71,5,10,29,-1,-1,SELLER,01T22@0,0,71,-1,-1,0
2588,T22,T23,71,4,86,62,-1,62,06T22@3,08T23@4,11,-1,-1,-1,4
2587,T22,T23,71,5,87,62,-1,62,07T22@3,08T23@4,9,71,-1,-1,4
2643,T37,T22,71,39,53,-1,-1,66,04T37@2,07T22@3,17,-1,-1,-1,3
2646,T22,T37,71,5,13,67,-1,67,03T22@1,04T37@2,17,71,-1,-1,2
2599,T22,T23,71,5,74,63,-1,63,06T22@3,08T23@4,16,-1,-1,-1,4
2572,T40,T22,71,15,20,61,-1,61,00T40@0,03T22@1,17,71,-1,-1,1
2573,T22,T22,71,15,20,61,-1,61,01T22@0,03T22@1,17,71,-1,-1,1
1854,OTHER,T22,72,2,10,30,-1,-1,SELLER,01T22@0,0,72,-1,-1,0
2595,T22,T22,72,28,44,-1,-1,62,06T22@3,09T22@4,2,-1,-1,-1,4
1842,OTHER,T22,72,3,10,30,-1,-1,SELLER,01T22@0,0,72,-1,-1,0
1843,T23,OTHER,72,3,54,30,-1,-1,08T23@4,BUYER,0,-1,-1,-1,5
2657,T37,T22,72,6,52,68,-1,68,04T37@2,06T22@3,17,72,-1,-1,3
2666,T37,T22,72,6,52,69,-1,69,04T37@2,06T22@3,17,72,-1,-1,3
1860,T23,OTHER,72,2,54,30,-1,-1,08T23@4,BUYER,0,-1,-1,-1,5
2672,T22,T22,72,5,8,70,-1,70,01T22@0,03T22@1,17,72,-1,-1,1
2674,T40,T22,72,17,8,70,-1,70,00T40@0,03T22@1,17,72,-1,-1,1
2678,T37,T22,72,6,52,70,-1,70,04T37@2,07T22@3,17,72,-1,-1,3
1852,OTHER,T40,72,1,10,30,-1,-1,SELLER,00T40@0,0,72,-1,-1,0
1851,T22,OTHER,72,1,54,30,-1,-1,09T22@4,BUYER,0,72,-1,-1,5
2696,T22,T23,72,3,44,-1,-1,71,06T22@3,08T23@4,10,-1,-1,-1,4
2707,T37,T22,72,116,34,-1,-1,72,04T37@2,06T22@3,2,-1,-1,-1,3
2709,T22,T22,72,12,44,-1,-1,72,07T22@3,09T22@4,2,-1,-1,-1,4
1850,OTHER,T40,72,5,10,30,-1,-1,SELLER,00T40@0,0,72,-1,-1,0
1849,OTHER,T22,72,2,10,30,-1,-1,SELLER,01T22@0,0,72,-1,-1,0
1844,OTHER,T40,72,3,10,30,-1,-1,SELLER,00T40@0,0,72,-1,-1,0
1875,T22,OTHER,72,4,54,-1,-1,-1,09T22@4,BUYER,0,-1,-1,-1,5
1863,T23,OTHER,72,4,54,30,-1,-1,08T23@4,BUYER,0,-1,-1,-1,5
2620,T22,T23,72,5,74,64,-1,64,07T22@3,08T23@4,16,-1,-1,-1,4
2644,T37,T22,72,6,52,67,-1,67,04T37@2,06T22@3,17,72,-1,-1,3
1848,OTHER,T22,72,3,10,30,-1,-1,SELLER,01T22@0,0,72,-1,-1,0
1866,OTHER,T40,72,1,10,30,-1,-1,SELLER,00T40@0,0,72,-1,-1,0
1861,T23,OTHER,72,2,54,30,-1,-1,08T23@4,BUYER,0,-1,-1,-1,5
2649,T22,T37,72,50,36,67,-1,67,03T22@1,04T37@2,17,72,-1,-1,2
2638,T37,T22,72,6,52,66,-1,66,04T37@2,06T22@3,17,72,-1,-1,3
1847,T22,OTHER,72,2,54,30,-1,-1,09T22@4,BUYER,0,72,-1,-1,5
2648,T22,T23,72,2,83,67,-1,67,06T22@3,08T23@4,13,72,-1,-1,4
1868,T23,OTHER,72,2,54,30,-1,-1,08T23@4,BUYER,0,-1,-1,-1,5
1882,OTHER,T40,73,3,10,31,-1,-1,SELLER,00T40@0,0,73,-1,-1,0
1909,T22,OTHER,73,3,54,-1,-1,-1,09T22@4,BUYER,0,-1,-1,-1,5
1883,T23,OTHER,73,3,54,31,-1,-1,08T23@4,BUYER,0,-1,-1,-1,5
1907,T22,OTHER,73,6,54,-1,-1,-1,09T22@4,BUYER,0,-1,-1,-1,5
2636,T22,T22,73,28,44,66,-1,66,06T22@3,09T22@4,2,73,-1,-1,4
2681,T22,T23,73,8,43,70,-1,70,06T22@3,08T23@4,8,-1,-1,73,4
1902,T22,OTHER,73,1,54,-1,-1,-1,09T22@4,BUYER,0,-1,-1,-1,5
2670,T37,T22,73,3,18,69,-1,69,04T37@2,06T22@3,17,73,-1,-1,3
1896,T22,OTHER,73,2,54,-1,-1,-1,09T22@4,BUYER,0,-1,-1,-1,5
1878,OTHER,T22,73,2,10,31,-1,-1,SELLER,01T22@0,0,73,-1,-1,0
1893,OTHER,T22,73,2,10,31,-1,-1,SELLER,01T22@0,0,73,-1,-1,0
1884,OTHER,T22,73,4,10,31,-1,-1,SELLER,01T22@0,0,73,-1,-1,0
2601,T22,T37,73,1,36,63,-1,63,03T22@1,04T37@2,17,73,-1,-1,2
2717,T37,T22,73,3,17,-1,-1,73,04T37@2,06T22@3,17,-1,-1,-1,3
1886,T23,OTHER,73,3,54,31,-1,-1,08T23@4,BUYER,0,-1,-1,-1,5
2632,T37,T22,73,6,50,65,-1,65,04T37@2,06T22@3,17,73,-1,-1,3
1894,OTHER,T22,73,3,10,31,-1,-1,SELLER,01T22@0,0,73,-1,-1,0
1888,OTHER,T40,73,3,10,31,-1,-1,SELLER,00T40@0,0,73,-1,-1,0
1889,T23,OTHER,73,2,54,31,-1,-1,08T23@4,BUYER,0,-1,-1,-1,5
1892,OTHER,T22,73,1,10,31,-1,-1,SELLER,01T22@0,0,73,-1,-1,0
1876,OTHER,T40,73,2,10,31,-1,-1,SELLER,00T40@0,0,73,-1,-1,0
2659,T37,T22,73,49,50,-1,-1,68,04T37@2,06T22@3,17,-1,-1,-1,3
2656,T22,T37,73,1,36,68,-1,68,03T22@1,04T37@2,17,73,-1,-1,2
1947,T22,OTHER,74,2,54,-1,-1,-1,09T22@4,BUYER,0,-1,-1,-1,5
1944,T22,OTHER,74,2,54,-1,-1,-1,09T22@4,BUYER,0,-1,-1,-1,5
1930,OTHER,T22,74,1,10,32,-1,-1,SELLER,01T22@0,0,74,-1,-1,0
2675,T22,T22,74,5,8,70,-1,70,01T22@0,03T22@1,17,74,-1,-1,1
1935,T22,OTHER,74,2,54,-1,-1,-1,09T22@4,BUYER,0,-1,-1,-1,5
1934,T22,OTHER,74,3,54,-1,-1,-1,09T22@4,BUYER,0,-1,-1,-1,5
2615,T22,T22,74,28,68,64,-1,64,06T22@3,09T22@4,17,74,-1,-1,4
1933,T23,OTHER,74,2,54,32,-1,-1,08T23@4,BUYER,0,-1,-1,-1,5
1932,OTHER,T40,74,1,10,32,-1,-1,SELLER,00T40@0,0,74,-1,-1,0
1939,T22,OTHER,74,2,54,-1,-1,-1,09T22@4,BUYER,0,-1,-1,-1,5
1926,OTHER,T40,74,3,10,32,-1,-1,SELLER,00T40@0,0,74,-1,-1,0
1914,T23,OTHER,74,2,54,32,-1,-1,08T23@4,BUYER,0,-1,-1,-1,5
1922,T23,OTHER,74,3,54,32,-1,-1,08T23@4,BUYER,0,-1,-1,-1,5
1921,OTHER,T22,74,2,10,32,-1,-1,SELLER,01T22@0,0,74,-1,-1,0
1919,OTHER,T22,74,3,10,32,-1,-1,SELLER,01T22@0,0,74,-1,-1,0
1917,OTHER,T40,74,2,10,32,-1,-1,SELLER,00T40@0,0,74,-1,-1,0
1916,OTHER,T40,74,4,10,32,-1,-1,SELLER,00T40@0,0,74,-1,-1,0
2669,T22,T22,74,5,8,69,-1,69,01T22@0,03T22@1,17,74,-1,-1,1
2665,T22,T23,74,2,86,69,-1,69,07T22@3,08T23@4,11,-1,-1,74,4
1915,T23,OTHER,74,2,54,32,-1,-1,08T23@4,BUYER,0,-1,-1,-1,5
1924,OTHER,T40,74,2,10,32,-1,-1,SELLER,00T40@0,0,74,-1,-1,0
1912,OTHER,T40,74,2,10,32,-1,-1,SELLER,00T40@0,0,74,-1,-1,0
1961,OTHER,T40,75,1,10,33,-1,-1,SELLER,00T40@0,0,75,-1,-1,0
1965,T23,OTHER,75,2,54,33,-1,-1,08T23@4,BUYER,0,-1,-1,-1,5
1966,T23,OTHER,75,3,54,33,-1,-1,08T23@4,BUYER,0,-1,-1,-1,5
1974,T22,OTHER,75,1,54,-1,-1,-1,09T22@4,BUYER,0,-1,-1,-1,5
1969,OTHER,T22,75,3,10,33,-1,-1,SELLER,01T22@0,0,75,-1,-1,0
1971,T22,OTHER,75,2,54,-1,-1,-1,09T22@4,BUYER,0,-1,-1,-1,5
1960,OTHER,T22,75,1,10,33,-1,-1,SELLER,01T22@0,0,75,-1,-1,0
1978,T22,OTHER,75,4,54,-1,-1,-1,09T22@4,BUYER,0,-1,-1,-1,5
1967,OTHER,T40,75,2,10,33,-1,-1,SELLER,00T40@0,0,75,-1,-1,0
1959,OTHER,T40,75,3,10,33,-1,-1,SELLER,00T40@0,0,75,-1,-1,0
1950,T23,OTHER,75,3,54,33,-1,-1,08T23@4,BUYER,0,-1,-1,-1,5
2633,T22,T23,75,6,80,65,-1,65,06T22@3,08T23@4,14,-1,-1,75,4
1954,T23,OTHER,75,1,54,33,-1,-1,08T23@4,BUYER,0,-1,-1,-1,5
1955,T23,OTHER,75,4,54,33,-1,-1,08T23@4,BUYER,0,-1,-1,-1,5
2629,T22,T22,75,9,67,65,-1,65,06T22@3,09T22@4,17,75,-1,-1,4
1953,OTHER,T22,75,2,10,33,-1,-1,SELLER,01T22@0,0,75,-1,-1,0
1952,OTHER,T40,75,3,10,33,-1,-1,SELLER,00T40@0,0,75,-1,-1,0
1951,OTHER,T22,75,5,10,33,-1,-1,SELLER,01T22@0,0,75,-1,-1,0
2631,T22,T23,75,9,85,65,-1,65,07T22@3,08T23@4,13,-1,-1,75,4
2640,T22,T23,75,5,84,66,-1,66,07T22@3,08T23@4,11,-1,-1,75,4
2625,T22,T37,75,13,24,65,-1,65,03T22@1,04T37@2,2,75,-1,-1,2
2712,T37,T22,76,7,50,73,-1,73,04T37@2,06T22@3,17,76,-1,-1,3
1983,OTHER,T22,76,2,10,34,-1,-1,SELLER,01T22@0,0,76,-1,-1,0
2639,T22,T37,76,19,37,66,-1,66,03T22@1,04T37@2,17,76,-1,-1,2
1986,OTHER,T22,76,1,10,34,-1,-1,SELLER,01T22@0,0,76,-1,-1,0
1989,OTHER,T40,76,3,10,34,-1,-1,SELLER,00T40@0,0,76,-1,-1,0
2006,T22,OTHER,76,2,54,-1,-1,-1,09T22@4,BUYER,0,-1,-1,-1,5
1990,T23,OTHER,76,1,54,34,-1,-1,08T23@4,BUYER,0,-1,-1,-1,5
1991,OTHER,T22,76,2,10,34,-1,-1,SELLER,01T22@0,0,76,-1,-1,0
1984,T23,OTHER,76,3,54,34,-1,-1,08T23@4,BUYER,0,-1,-1,-1,5
2662,T22,T23,76,11,74,69,-1,69,06T22@3,08T23@4,16,-1,-1,76,4
2689,T22,T23,76,2,86,71,-1,71,06T22@3,08T23@4,10,-1,-1,76,4
1981,OTHER,T22,76,5,10,34,-1,-1,SELLER,01T22@0,0,76,-1,-1,0
1980,OTHER,T40,76,4,10,34,-1,-1,SELLER,00T40@0,0,76,-1,-1,0
1992,OTHER,T40,76,3,10,34,-1,-1,SELLER,00T40@0,0,76,-1,-1,0
2007,T22,OTHER,76,2,54,-1,-1,-1,09T22@4,BUYER,0,-1,-1,-1,5
2009,T22,OTHER,76,3,54,-1,-1,-1,09T22@4,BUYER,0,-1,-1,-1,5
1979,T23,OTHER,76,5,54,34,-1,-1,08T23@4,BUYER,0,-1,-1,-1,5
2635,T40,T22,76,15,20,66,-1,66,00T40@0,03T22@1,17,76,-1,-1,1
2667,T37,T22,76,7,50,69,-1,69,04T37@2,07T22@3,17,76,-1,-1,3
2682,T22,T22,76,5,65,70,-1,70,07T22@3,09T22@4,17,76,-1,-1,4
2726,T37,T22,76,7,50,-1,-1,74,04T37@2,06T22@3,17,-1,-1,-1,3
2677,T37,T22,76,7,50,70,-1,70,04T37@2,06T22@3,17,76,-1,-1,3
1982,T23,OTHER,76,1,54,34,-1,-1,08T23@4,BUYER,0,-1,-1,-1,5
2005,T22,OTHER,76,3,54,-1,-1,-1,09T22@4,BUYER,0,-1,-1,-1,5
2715,T37,T22,77,5,52,73,-1,73,04T37@2,07T22@3,17,77,-1,-1,3
2679,T37,T22,77,5,52,70,-1,70,04T37@2,07T22@3,17,77,-1,-1,3
2700,T37,T22,77,7,52,72,-1,72,04T37@2,06T22@3,17,77,-1,-1,3
2698,T22,T37,77,18,35,72,-1,72,03T22@1,04T37@2,17,77,-1,-1,2
2697,T22,T23,77,9,65,72,-1,72,07T22@3,08T23@4,17,-1,-1,77,4
2694,T37,T22,77,5,52,71,-1,71,04T37@2,07T22@3,17,77,-1,-1,3
2687,T22,T22,77,5,65,71,-1,71,06T22@3,09T22@4,17,77,-1,-1,4
2686,T37,T22,77,7,52,71,-1,71,04T37@2,06T22@3,17,77,-1,-1,3
2650,T22,T23,77,4,86,67,-1,67,07T22@3,08T23@4,10,-1,-1,77,4
2673,T22,T23,77,3,77,70,-1,70,07T22@3,08T23@4,15,-1,-1,77,4
2676,T22,T23,77,5,88,70,-1,70,06T22@3,08T23@4,7,-1,-1,77,4
2703,T22,T22,77,9,65,72,-1,72,07T22@3,09T22@4,17,77,-1,-1,4
2645,T22,T22,77,17,20,67,-1,67,01T22@0,03T22@1,17,77,-1,-1,1
2020,T23,OTHER,77,4,54,35,-1,-1,08T23@4,BUYER,0,-1,-1,-1,5
2015,T23,OTHER,77,4,54,35,-1,-1,08T23@4,BUYER,0,-1,-1,-1,5
2031,OTHER,T40,77,4,10,35,-1,-1,SELLER,00T40@0,0,77,-1,-1,0
2027,OTHER,T22,77,2,10,35,-1,-1,SELLER,01T22@0,0,77,-1,-1,0
2023,OTHER,T40,77,2,10,35,-1,-1,SELLER,00T40@0,0,77,-1,-1,0
2034,OTHER,T22,77,3,10,35,-1,-1,SELLER,01T22@0,0,77,-1,-1,0
2014,OTHER,T40,77,2,10,35,-1,-1,SELLER,00T40@0,0,77,-1,-1,0
2040,T22,OTHER,77,3,54,-1,-1,-1,09T22@4,BUYER,0,-1,-1,-1,5
2041,T22,OTHER,77,2,54,-1,-1,-1,09T22@4,BUYER,0,-1,-1,-1,5
2018,OTHER,T22,77,1,10,35,-1,-1,SELLER,01T22@0,0,77,-1,-1,0
2042,T22,OTHER,77,2,54,-1,-1,-1,09T22@4,BUYER,0,-1,-1,-1,5
2043,T22,OTHER,77,3,54,-1,-1,-1,09T22@4,BUYER,0,-1,-1,-1,5
2029,OTHER,T22,77,3,10,35,-1,-1,SELLER,01T22@0,0,77,-1,-1,0
2028,OTHER,T40,77,3,10,35,-1,-1,SELLER,00T40@0,0,77,-1,-1,0
2044,T22,OTHER,77,2,54,-1,-1,-1,09T22@4,BUYER,0,-1,-1,-1,5
2083,T22,OTHER,78,2,54,-1,-1,-1,09T22@4,BUYER,0,-1,-1,-1,5
2085,T22,OTHER,78,3,54,-1,-1,-1,09T22@4,BUYER,0,-1,-1,-1,5
2048,T23,OTHER,78,2,54,36,-1,-1,08T23@4,BUYER,0,-1,-1,-1,5
2080,T22,OTHER,78,2,54,-1,-1,-1,09T22@4,BUYER,0,-1,-1,-1,5
2049,OTHER,T40,78,4,10,36,-1,-1,SELLER,00T40@0,0,78,-1,-1,0
2050,OTHER,T40,78,1,10,36,-1,-1,SELLER,00T40@0,0,78,-1,-1,0
2052,OTHER,T40,78,1,10,36,-1,-1,SELLER,00T40@0,0,78,-1,-1,0
2053,OTHER,T40,78,3,10,36,-1,-1,SELLER,00T40@0,0,78,-1,-1,0
2056,OTHER,T22,78,5,10,36,-1,-1,SELLER,01T22@0,0,78,-1,-1,0
2060,OTHER,T22,78,2,10,36,-1,-1,SELLER,01T22@0,0,78,-1,-1,0
2702,T37,T22,78,5,50,72,-1,72,04T37@2,07T22@3,17,78,-1,-1,3
2063,T23,OTHER,78,3,54,36,-1,-1,08T23@4,BUYER,0,-1,-1,-1,5
2072,T23,OTHER,78,2,54,36,-1,-1,08T23@4,BUYER,0,-1,-1,-1,5
2081,T22,OTHER,78,3,54,-1,-1,-1,09T22@4,BUYER,0,-1,-1,-1,5
2068,OTHER,T40,78,1,10,36,-1,-1,SELLER,00T40@0,0,78,-1,-1,0
2710,T37,T22,78,15,50,73,-1,73,04T37@2,07T22@3,17,78,-1,-1,3
2070,T23,OTHER,78,3,54,36,-1,-1,08T23@4,BUYER,0,-1,-1,-1,5
2759,T37,T22,78,3,17,-1,-1,78,04T37@2,07T22@3,17,-1,-1,-1,3
2711,T22,T37,78,19,35,73,-1,73,03T22@1,04T37@2,17,78,-1,-1,2
2652,T22,T23,78,2,85,68,-1,68,07T22@3,08T23@4,14,-1,-1,78,4
2716,T37,T22,78,15,50,73,-1,73,04T37@2,06T22@3,17,78,-1,-1,3
2655,T22,T22,78,15,20,68,-1,68,01T22@0,03T22@1,17,78,-1,-1,1
2748,T22,T22,78,5,8,-1,-1,77,01T22@0,03T22@1,17,-1,-1,-1,1
2658,T37,T22,78,49,52,-1,-1,68,04T37@2,07T22@3,17,-1,-1,-1,3
2741,T22,T22,78,5,8,-1,-1,76,01T22@0,03T22@1,17,-1,-1,-1,1
2727,T37,T22,78,5,50,-1,-1,74,04T37@2,06T22@3,17,-1,-1,-1,3
2071,OTHER,T40,78,3,10,36,-1,-1,SELLER,00T40@0,0,78,-1,-1,0
2123,T22,OTHER,79,1,54,-1,-1,-1,09T22@4,BUYER,0,-1,-1,-1,5
2117,T22,OTHER,79,3,54,-1,-1,-1,09T22@4,BUYER,0,-1,-1,-1,5
2116,T22,OTHER,79,6,54,-1,-1,-1,09T22@4,BUYER,0,-1,-1,-1,5
2098,OTHER,T40,79,1,10,37,-1,-1,SELLER,00T40@0,0,79,-1,-1,0
2113,OTHER,T22,79,3,10,37,-1,-1,SELLER,01T22@0,0,79,-1,-1,0
2108,OTHER,T22,79,3,10,37,-1,-1,SELLER,01T22@0,0,79,-1,-1,0
2105,OTHER,T40,79,1,10,37,-1,-1,SELLER,00T40@0,0,79,-1,-1,0
2091,T23,OTHER,79,3,54,37,-1,-1,08T23@4,BUYER,0,-1,-1,-1,5
2104,OTHER,T40,79,5,10,37,-1,-1,SELLER,00T40@0,0,79,-1,-1,0
2100,T23,OTHER,79,3,54,37,-1,-1,08T23@4,BUYER,0,-1,-1,-1,5
2099,T23,OTHER,79,4,54,37,-1,-1,08T23@4,BUYER,0,-1,-1,-1,5
2668,T22,T37,79,1,36,69,-1,69,03T22@1,04T37@2,17,79,-1,-1,2
2093,OTHER,T22,79,3,10,37,-1,-1,SELLER,01T22@0,0,79,-1,-1,0
2114,OTHER,T40,79,1,10,37,-1,-1,SELLER,00T40@0,0,79,-1,-1,0
2109,OTHER,T40,79,3,10,37,-1,-1,SELLER,00T40@0,0,79,-1,-1,0
2768,T37,T22,79,20,53,-1,-1,79,04T37@2,07T22@3,17,-1,-1,-1,3
2720,T22,T37,79,18,35,74,-1,74,03T22@1,04T37@2,17,79,-1,-1,2
2688,T22,T22,79,5,67,71,-1,71,06T22@3,09T22@4,17,79,-1,-1,4
2691,T22,T23,79,2,87,71,-1,71,07T22@3,08T23@4,9,-1,-1,79,4
2718,T22,T22,79,19,44,74,-1,74,06T22@3,09T22@4,5,79,-1,-1,4
2721,T40,T22,79,17,22,74,-1,74,00T40@0,03T22@1,17,79,-1,-1,1
2130,OTHER,T22,80,4,10,38,-1,-1,SELLER,01T22@0,0,80,-1,-1,0
2132,T23,OTHER,80,4,54,38,-1,-1,08T23@4,BUYER,0,-1,-1,-1,5
2135,T23,OTHER,80,3,54,38,-1,-1,08T23@4,BUYER,0,-1,-1,-1,5
2136,OTHER,T40,80,1,10,38,-1,-1,SELLER,00T40@0,0,80,-1,-1,0
2139,OTHER,T22,80,3,10,38,-1,-1,SELLER,01T22@0,0,80,-1,-1,0
2140,T23,OTHER,80,2,54,38,-1,-1,08T23@4,BUYER,0,-1,-1,-1,5
2141,T23,OTHER,80,2,54,38,-1,-1,08T23@4,BUYER,0,-1,-1,-1,5
2680,T37,T22,80,28,34,70,-1,70,04T37@2,07T22@3,2,80,-1,-1,3
2142,T23,OTHER,80,2,54,38,-1,-1,08T23@4,BUYER,0,-1,-1,-1,5
2144,OTHER,T40,80,6,10,38,-1,-1,SELLER,00T40@0,0,80,-1,-1,0
2145,OTHER,T22,80,1,10,38,-1,-1,SELLER,01T22@0,0,80,-1,-1,0
2146,T22,OTHER,80,4,54,-1,-1,-1,09T22@4,BUYER,0,-1,-1,-1,5
2147,T22,OTHER,80,1,54,-1,-1,-1,09T22@4,BUYER,0,-1,-1,-1,5
2155,T22,OTHER,80,2,54,-1,-1,-1,09T22@4,BUYER,0,-1,-1,-1,5
2125,OTHER,T22,80,2,10,38,-1,-1,SELLER,01T22@0,0,80,-1,-1,0
2124,OTHER,T22,80,2,10,38,-1,-1,SELLER,01T22@0,0,80,-1,-1,0
2126,OTHER,T40,80,1,10,38,-1,-1,SELLER,00T40@0,0,80,-1,-1,0
2695,T22,T22,80,5,67,71,-1,71,07T22@3,09T22@4,17,80,-1,-1,4
2752,T22,T22,80,5,44,78,-1,78,07T22@3,09T22@4,2,80,-1,-1,4
2706,T37,T22,80,7,52,72,-1,72,04T37@2,06T22@3,17,80,-1,-1,3
2735,T22,T22,80,10,44,76,-1,76,06T22@3,09T22@4,2,80,-1,-1,4
2733,T22,T22,80,10,44,76,-1,76,06T22@3,09T22@4,2,80,-1,-1,4
2730,T22,T37,80,19,35,75,-1,75,03T22@1,04T37@2,17,80,-1,-1,2
2692,T22,T23,80,2,79,71,-1,71,06T22@3,08T23@4,14,-1,-1,80,4
2714,T37,T22,80,7,52,73,-1,73,04T37@2,07T22@3,17,80,-1,-1,3
2722,T37,T22,80,18,34,-1,-1,74,04T37@2,06T22@3,6,-1,-1,-1,3
2164,OTHER,T22,81,4,10,39,-1,-1,SELLER,01T22@0,0,81,-1,-1,0
2167,T23,OTHER,81,5,54,39,-1,-1,08T23@4,BUYER,0,-1,-1,-1,5
2169,OTHER,T40,81,2,10,39,-1,-1,SELLER,00T40@0,0,81,-1,-1,0
2170,T23,OTHER,81,2,54,39,-1,-1,08T23@4,BUYER,0,-1,-1,-1,5
2173,OTHER,T22,81,3,10,39,-1,-1,SELLER,01T22@0,0,81,-1,-1,0
2178,T22,OTHER,81,3,54,-1,-1,-1,09T22@4,BUYER,0,-1,-1,-1,5
2181,T22,OTHER,81,2,54,-1,-1,-1,09T22@4,BUYER,0,-1,-1,-1,5
2168,OTHER,T40,81,2,10,39,-1,-1,SELLER,00T40@0,0,81,-1,-1,0
2160,OTHER,T40,81,5,10,39,-1,-1,SELLER,00T40@0,0,81,-1,-1,0
2749,T37,T22,81,24,53,-1,-1,77,04T37@2,07T22@3,17,-1,-1,-1,3
2157,OTHER,T40,81,3,10,39,-1,-1,SELLER,00T40@0,0,81,-1,-1,0
2693,T22,T37,81,1,36,71,-1,71,03T22@1,04T37@2,17,81,-1,-1,2
2704,T22,T22,81,20,44,72,-1,72,06T22@3,09T22@4,2,81,-1,-1,4
2724,T22,T22,81,20,68,-1,-1,74,07T22@3,09T22@4,17,-1,-1,-1,4
2728,T22,T22,81,5,65,75,-1,75,06T22@3,09T22@4,17,81,-1,-1,4
2743,T22,T22,81,12,44,77,-1,77,07T22@3,09T22@4,2,81,-1,-1,4
2182,T22,OTHER,81,3,54,-1,-1,-1,09T22@4,BUYER,0,-1,-1,-1,5
2755,T22,T22,81,11,44,78,-1,78,07T22@3,09T22@4,2,81,-1,-1,4
2744,T22,T22,81,11,44,77,-1,77,07T22@3,09T22@4,2,81,-1,-1,4
2158,OTHER,T22,81,1,10,39,-1,-1,SELLER,01T22@0,0,81,-1,-1,0
2184,T22,OTHER,81,2,54,-1,-1,-1,09T22@4,BUYER,0,-1,-1,-1,5
2172,T23,OTHER,81,3,54,39,-1,-1,08T23@4,BUYER,0,-1,-1,-1,5
2193,T23,OTHER,82,4,54,40,-1,-1,08T23@4,BUYER,0,-1,-1,-1,5
2790,T37,T22,82,21,34,-1,-1,82,04T37@2,07T22@3,2,-1,-1,-1,3
2719,T22,T22,82,16,44,74,-1,74,06T22@3,09T22@4,5,82,-1,-1,4
2732,T37,T22,82,24,49,-1,-1,75,04T37@2,07T22@3,17,-1,-1,-1,3
2713,T22,T22,82,19,64,73,-1,73,06T22@3,09T22@4,17,82,-1,-1,4
2708,T22,T22,82,9,67,-1,-1,72,06T22@3,09T22@4,17,-1,-1,-1,4
2738,T37,T22,82,24,49,-1,-1,76,04T37@2,06T22@3,17,-1,-1,-1,3
2705,T40,T22,82,15,20,72,-1,72,00T40@0,03T22@1,17,82,-1,-1,1
2701,T22,T23,82,11,85,72,-1,72,06T22@3,08T23@4,12,-1,-1,82,4
2699,T22,T22,82,15,20,72,-1,72,01T22@0,03T22@1,17,82,-1,-1,1
2185,OTHER,T22,82,1,10,40,-1,-1,SELLER,01T22@0,0,82,-1,-1,0
2186,T23,OTHER,82,2,54,40,-1,-1,08T23@4,BUYER,0,-1,-1,-1,5
2187,OTHER,T22,82,4,10,40,-1,-1,SELLER,01T22@0,0,82,-1,-1,0
2188,OTHER,T40,82,4,10,40,-1,-1,SELLER,00T40@0,0,82,-1,-1,0
2189,T22,OTHER,82,2,54,40,-1,-1,09T22@4,BUYER,0,82,-1,-1,5
2191,T23,OTHER,82,2,54,40,-1,-1,08T23@4,BUYER,0,-1,-1,-1,5
2723,T37,T22,82,24,49,-1,-1,74,04T37@2,06T22@3,17,-1,-1,-1,3
2194,T22,OTHER,82,4,54,40,-1,-1,09T22@4,BUYER,0,82,-1,-1,5
2758,T37,T22,82,3,18,-1,-1,78,04T37@2,06T22@3,17,-1,-1,-1,3
2725,T22,T22,82,20,64,-1,-1,74,06T22@3,09T22@4,17,-1,-1,-1,4
2209,OTHER,T40,82,1,10,40,-1,-1,SELLER,00T40@0,0,82,-1,-1,0
2207,T23,OTHER,82,2,54,40,-1,-1,08T23@4,BUYER,0,-1,-1,-1,5
2213,T22,OTHER,82,2,54,-1,-1,-1,09T22@4,BUYER,0,-1,-1,-1,5
2202,OTHER,T22,82,3,10,40,-1,-1,SELLER,01T22@0,0,82,-1,-1,0
2199,T22,OTHER,82,2,54,40,-1,-1,09T22@4,BUYER,0,82,-1,-1,5
2197,OTHER,T22,82,2,10,40,-1,-1,SELLER,01T22@0,0,82,-1,-1,0
2196,OTHER,T40,82,2,10,40,-1,-1,SELLER,00T40@0,0,82,-1,-1,0
2205,OTHER,T40,82,3,10,40,-1,-1,SELLER,00T40@0,0,82,-1,-1,0
2747,T37,T22,83,24,53,-1,-1,77,04T37@2,07T22@3,17,-1,-1,-1,3
2751,T40,T22,83,15,22,78,-1,78,00T40@0,03T22@1,17,83,-1,-1,1
2757,T37,T22,83,24,53,-1,-1,78,04T37@2,06T22@3,17,-1,-1,-1,3
2225,OTHER,T22,83,1,10,41,-1,-1,SELLER,01T22@0,0,83,-1,-1,0
2761,T22,T22,83,15,22,-1,-1,78,01T22@0,03T22@1,17,-1,-1,-1,1
2223,OTHER,T40,83,7,10,41,-1,-1,SELLER,00T40@0,0,83,-1,-1,0
2232,OTHER,T40,83,2,10,41,-1,-1,SELLER,00T40@0,0,83,-1,-1,0
2227,OTHER,T40,83,1,10,41,-1,-1,SELLER,00T40@0,0,83,-1,-1,0
2236,T23,OTHER,83,2,54,41,-1,-1,08T23@4,BUYER,0,-1,-1,-1,5
2233,T23,OTHER,83,2,54,41,-1,-1,08T23@4,BUYER,0,-1,-1,-1,5
2222,T23,OTHER,83,2,54,41,-1,-1,08T23@4,BUYER,0,-1,-1,-1,5
2221,OTHER,T22,83,2,10,41,-1,-1,SELLER,01T22@0,0,83,-1,-1,0
2230,T23,OTHER,83,2,54,41,-1,-1,08T23@4,BUYER,0,-1,-1,-1,5
2220,T22,OTHER,83,1,54,41,-1,-1,09T22@4,BUYER,0,83,-1,-1,5
2229,T22,OTHER,83,1,54,41,-1,-1,09T22@4,BUYER,0,83,-1,-1,5
2228,T23,OTHER,83,3,54,41,-1,-1,08T23@4,BUYER,0,-1,-1,-1,5
2219,T22,OTHER,83,1,54,41,-1,-1,09T22@4,BUYER,0,83,-1,-1,5
2218,OTHER,T22,83,3,10,41,-1,-1,SELLER,01T22@0,0,83,-1,-1,0
2226,T22,OTHER,83,6,54,41,-1,-1,09T22@4,BUYER,0,83,-1,-1,5
2217,OTHER,T22,83,4,10,41,-1,-1,SELLER,01T22@0,0,83,-1,-1,0
2772,T37,T22,84,24,49,-1,-1,79,04T37@2,07T22@3,17,-1,-1,-1,3
2774,T37,T22,84,6,52,80,-1,80,04T37@2,06T22@3,17,84,-1,-1,3
2788,T37,T22,84,6,52,-1,-1,82,04T37@2,06T22@3,17,-1,-1,-1,3
2731,T22,T22,84,5,67,75,-1,75,07T22@3,09T22@4,17,84,-1,-1,4
2740,T22,T37,84,37,24,-1,-1,76,03T22@1,04T37@2,2,-1,-1,-1,2
2739,T37,T22,84,24,49,-1,-1,76,04T37@2,07T22@3,17,-1,-1,-1,3
2737,T22,T37,84,37,24,-1,-1,76,03T22@1,04T37@2,2,-1,-1,-1,2
2785,T22,T22,84,5,8,82,-1,82,01T22@0,03T22@1,17,84,-1,-1,1
2767,T40,T22,84,15,22,79,-1,79,00T40@0,03T22@1,17,84,-1,-1,1
2765,T37,T22,84,6,52,79,-1,79,04T37@2,06T22@3,17,84,-1,-1,3
2750,T22,T22,84,5,65,78,-1,78,07T22@3,09T22@4,17,84,-1,-1,4
2729,T22,T22,84,14,20,75,-1,75,01T22@0,03T22@1,17,84,-1,-1,1
2782,T37,T22,84,6,52,81,-1,81,04T37@2,06T22@3,17,84,-1,-1,3
2258,OTHER,T40,84,3,10,42,-1,-1,SELLER,00T40@0,0,84,-1,-1,0
2259,T22,OTHER,84,3,54,42,-1,-1,09T22@4,BUYER,0,84,-1,-1,5
2254,T23,OTHER,84,2,54,42,-1,-1,08T23@4,BUYER,0,-1,-1,-1,5
2255,T23,OTHER,84,1,54,42,-1,-1,08T23@4,BUYER,0,-1,-1,-1,5
2253,OTHER,T40,84,4,10,42,-1,-1,SELLER,00T40@0,0,84,-1,-1,0
2252,T23,OTHER,84,4,54,42,-1,-1,08T23@4,BUYER,0,-1,-1,-1,5
2251,T23,OTHER,84,3,54,42,-1,-1,08T23@4,BUYER,0,-1,-1,-1,5
2250,OTHER,T40,84,3,10,42,-1,-1,SELLER,00T40@0,0,84,-1,-1,0
2249,OTHER,T40,84,1,10,42,-1,-1,SELLER,00T40@0,0,84,-1,-1,0
2256,T22,OTHER,84,1,54,42,-1,-1,09T22@4,BUYER,0,84,-1,-1,5
2244,OTHER,T22,84,3,10,42,-1,-1,SELLER,01T22@0,0,84,-1,-1,0
2243,OTHER,T40,84,1,10,42,-1,-1,SELLER,00T40@0,0,84,-1,-1,0
2242,T22,OTHER,84,3,54,42,-1,-1,09T22@4,BUYER,0,84,-1,-1,5
2257,OTHER,T22,84,3,10,42,-1,-1,SELLER,01T22@0,0,84,-1,-1,0
2261,OTHER,T22,84,2,10,42,-1,-1,SELLER,01T22@0,0,84,-1,-1,0
2247,T23,OTHER,84,3,54,42,-1,-1,08T23@4,BUYER,0,-1,-1,-1,5
2275,T23,OTHER,85,3,54,43,-1,-1,08T23@4,BUYER,0,-1,-1,-1,5
2287,OTHER,T40,85,4,10,43,-1,-1,SELLER,00T40@0,0,85,-1,-1,0
2777,T22,T22,85,9,65,-1,-1,80,06T22@3,09T22@4,17,-1,-1,-1,4
2272,OTHER,T40,85,3,10,43,-1,-1,SELLER,00T40@0,0,85,-1,-1,0
2271,OTHER,T22,85,1,10,43,-1,-1,SELLER,01T22@0,0,85,-1,-1,0
2273,OTHER,T22,85,3,10,43,-1,-1,SELLER,01T22@0,0,85,-1,-1,0
2742,T37,T22,85,6,50,77,-1,77,04T37@2,06T22@3,17,85,-1,-1,3
2274,T22,OTHER,85,2,54,43,-1,-1,09T22@4,BUYER,0,85,-1,-1,5
2753,T37,T22,85,6,50,78,-1,78,04T37@2,07T22@3,17,85,-1,-1,3
2288,T23,OTHER,85,3,54,43,-1,-1,08T23@4,BUYER,0,-1,-1,-1,5
2278,OTHER,T22,85,3,10,43,-1,-1,SELLER,01T22@0,0,85,-1,-1,0
2280,T22,OTHER,85,3,54,43,-1,-1,09T22@4,BUYER,0,85,-1,-1,5
2281,T22,OTHER,85,3,54,43,-1,-1,09T22@4,BUYER,0,85,-1,-1,5
2282,OTHER,T22,85,3,10,43,-1,-1,SELLER,01T22@0,0,85,-1,-1,0
2769,T37,T22,85,5,52,-1,-1,79,04T37@2,06T22@3,17,-1,-1,-1,3
2283,T23,OTHER,85,4,54,43,-1,-1,08T23@4,BUYER,0,-1,-1,-1,5
2781,T37,T22,85,5,52,-1,-1,80,04T37@2,06T22@3,17,-1,-1,-1,3
2277,T22,OTHER,85,2,54,43,-1,-1,09T22@4,BUYER,0,85,-1,-1,5
2791,T22,T22,85,5,7,83,-1,83,01T22@0,03T22@1,17,85,-1,-1,1
2290,OTHER,T40,85,1,10,43,-1,-1,SELLER,00T40@0,0,85,-1,-1,0
2284,OTHER,T22,85,2,10,43,-1,-1,SELLER,01T22@0,0,85,-1,-1,0
2736,T22,T22,86,9,67,-1,-1,76,07T22@3,09T22@4,17,-1,-1,-1,4
2783,T37,T22,86,5,50,81,-1,81,04T37@2,06T22@3,17,86,-1,-1,3
2792,T37,T22,86,5,50,-1,-1,83,04T37@2,07T22@3,17,-1,-1,-1,3
2786,T37,T22,86,5,50,-1,-1,82,04T37@2,06T22@3,17,-1,-1,-1,3
2784,T22,T37,86,1,36,-1,-1,81,03T22@1,04T37@2,17,-1,-1,-1,2
2734,T22,T37,86,1,36,76,-1,76,03T22@1,04T37@2,17,86,-1,-1,2
2746,T22,T22,86,5,67,-1,-1,77,07T22@3,09T22@4,17,-1,-1,-1,4
2310,OTHER,T40,86,3,10,44,-1,-1,SELLER,00T40@0,0,86,-1,-1,0
2298,OTHER,T40,86,1,10,44,-1,-1,SELLER,00T40@0,0,86,-1,-1,0
2301,OTHER,T22,86,1,10,44,-1,-1,SELLER,01T22@0,0,86,-1,-1,0
2302,OTHER,T22,86,3,10,44,-1,-1,SELLER,01T22@0,0,86,-1,-1,0
2304,OTHER,T40,86,3,10,44,-1,-1,SELLER,00T40@0,0,86,-1,-1,0
2305,T22,OTHER,86,5,54,44,-1,-1,09T22@4,BUYER,0,86,-1,-1,5
2306,T23,OTHER,86,1,54,44,-1,-1,08T23@4,BUYER,0,-1,-1,-1,5
2307,T23,OTHER,86,3,54,44,-1,-1,08T23@4,BUYER,0,-1,-1,-1,5
2308,T22,OTHER,86,2,54,44,-1,-1,09T22@4,BUYER,0,86,-1,-1,5
2309,T22,OTHER,86,2,54,44,-1,-1,09T22@4,BUYER,0,86,-1,-1,5
2778,T22,T22,86,13,22,-1,-1,80,01T22@0,03T22@1,17,-1,-1,-1,1
2300,T23,OTHER,86,3,54,44,-1,-1,08T23@4,BUYER,0,-1,-1,-1,5
2315,OTHER,T22,86,4,10,44,-1,-1,SELLER,01T22@0,0,86,-1,-1,0
2317,T22,OTHER,86,1,54,44,-1,-1,09T22@4,BUYER,0,86,-1,-1,5
2318,OTHER,T22,86,2,10,44,-1,-1,SELLER,01T22@0,0,86,-1,-1,0
2319,OTHER,T40,86,3,10,44,-1,-1,SELLER,00T40@0,0,86,-1,-1,0
2754,T37,T22,86,5,50,78,-1,78,04T37@2,06T22@3,17,86,-1,-1,3
2775,T40,T22,86,17,20,80,-1,80,00T40@0,03T22@1,17,86,-1,-1,1
2776,T37,T22,86,5,52,-1,-1,80,04T37@2,07T22@3,17,-1,-1,-1,3
2314,T22,OTHER,86,3,54,44,-1,-1,09T22@4,BUYER,0,86,-1,-1,5
2762,T22,T22,87,5,67,-1,-1,78,06T22@3,09T22@4,17,-1,-1,-1,4
2760,T22,T37,87,35,35,-1,-1,78,03T22@1,04T37@2,17,-1,-1,-1,2
2780,T22,T37,87,34,37,-1,-1,80,03T22@1,04T37@2,17,-1,-1,-1,2
2766,T37,T22,87,5,50,79,-1,79,04T37@2,06T22@3,17,87,-1,-1,3
2745,T22,T37,87,1,36,-1,-1,77,03T22@1,04T37@2,17,-1,-1,-1,2
2329,T23,OTHER,87,2,54,45,-1,-1,08T23@4,BUYER,0,-1,-1,-1,5
2796,T37,T22,87,1,52,-1,-1,86,04T37@2,06T22@3,17,-1,-1,-1,3
2323,T23,OTHER,87,2,54,45,-1,-1,08T23@4,BUYER,0,-1,-1,-1,5
2325,T22,OTHER,87,3,54,45,-1,-1,09T22@4,BUYER,0,87,-1,-1,5
2326,OTHER,T22,87,2,10,45,-1,-1,SELLER,01T22@0,0,87,-1,-1,0
2327,T22,OTHER,87,1,54,45,-1,-1,09T22@4,BUYER,0,87,-1,-1,5
2330,OTHER,T22,87,4,10,45,-1,-1,SELLER,01T22@0,0,87,-1,-1,0
2332,T23,OTHER,87,1,54,45,-1,-1,08T23@4,BUYER,0,-1,-1,-1,5
2333,OTHER,T22,87,1,10,45,-1,-1,SELLER,01T22@0,0,87,-1,-1,0
2336,OTHER,T22,87,1,10,45,-1,-1,SELLER,01T22@0,0,87,-1,-1,0
2337,T23,OTHER,87,5,54,45,-1,-1,08T23@4,BUYER,0,-1,-1,-1,5
2338,OTHER,T22,87,3,10,45,-1,-1,SELLER,01T22@0,0,87,-1,-1,0
2340,OTHER,T40,87,4,10,45,-1,-1,SELLER,00T40@0,0,87,-1,-1,0
2787,T22,T22,87,22,44,-1,-1,82,06T22@3,09T22@4,2,-1,-1,-1,4
2346,T22,OTHER,87,6,54,-1,-1,-1,09T22@4,BUYER,0,-1,-1,-1,5
2344,OTHER,T40,87,5,10,45,-1,-1,SELLER,00T40@0,0,87,-1,-1,0
2354,T23,OTHER,88,3,54,46,-1,-1,08T23@4,BUYER,0,-1,-1,-1,5
2353,T22,OTHER,88,6,54,46,-1,-1,09T22@4,BUYER,0,88,-1,-1,5
2357,T23,OTHER,88,5,54,46,-1,-1,08T23@4,BUYER,0,-1,-1,-1,5
2364,T23,OTHER,88,1,54,46,-1,-1,08T23@4,BUYER,0,-1,-1,-1,5
2365,T22,OTHER,88,2,54,46,-1,-1,09T22@4,BUYER,0,88,-1,-1,5
2366,T22,OTHER,88,1,54,46,-1,-1,09T22@4,BUYER,0,88,-1,-1,5
2773,T37,T22,88,29,34,-1,-1,79,04T37@2,07T22@3,2,-1,-1,-1,3
2756,T22,T22,88,43,44,-1,-1,78,06T22@3,09T22@4,2,-1,-1,-1,4
2355,T22,OTHER,88,2,54,46,-1,-1,09T22@4,BUYER,0,88,-1,-1,5
2764,T22,T22,88,5,67,79,-1,79,06T22@3,09T22@4,17,88,-1,-1,4
2763,T22,T22,88,5,67,79,-1,79,07T22@3,09T22@4,17,88,-1,-1,4
2770,T22,T22,89,15,20,-1,-1,79,01T22@0,03T22@1,17,-1,-1,-1,1
2400,T22,OTHER,89,4,54,-1,-1,-1,09T22@4,BUYER,0,-1,-1,-1,5
2389,T23,OTHER,89,3,54,47,-1,-1,08T23@4,BUYER,0,-1,-1,-1,5
2376,T23,OTHER,89,4,54,47,-1,-1,08T23@4,BUYER,0,-1,-1,-1,5
2385,T22,OTHER,89,1,54,47,-1,-1,09T22@4,BUYER,0,89,-1,-1,5
2383,T23,OTHER,89,2,54,47,-1,-1,08T23@4,BUYER,0,-1,-1,-1,5
2382,T22,OTHER,89,2,54,47,-1,-1,09T22@4,BUYER,0,89,-1,-1,5
2375,T22,OTHER,89,1,54,47,-1,-1,09T22@4,BUYER,0,89,-1,-1,5
2779,T22,T22,89,5,67,-1,-1,80,07T22@3,09T22@4,17,-1,-1,-1,4
2387,T22,OTHER,89,3,54,47,-1,-1,09T22@4,BUYER,0,89,-1,-1,5
2771,T22,T37,89,18,37,-1,-1,79,03T22@1,04T37@2,17,-1,-1,-1,2
2409,T22,OTHER,90,2,54,48,-1,-1,09T22@4,BUYER,0,90,-1,-1,5
2799,T37,T22,90,5,34,-1,-1,90,04T37@2,07T22@3,2,-1,-1,-1,3
2402,T22,OTHER,90,2,54,48,-1,-1,09T22@4,BUYER,0,90,-1,-1,5
2403,T22,OTHER,90,3,54,48,-1,-1,09T22@4,BUYER,0,90,-1,-1,5
2406,T23,OTHER,90,5,54,48,-1,-1,08T23@4,BUYER,0,-1,-1,-1,5
2408,T22,OTHER,90,1,54,48,-1,-1,09T22@4,BUYER,0,90,-1,-1,5
2410,T22,OTHER,90,4,54,48,-1,-1,09T22@4,BUYER,0,90,-1,-1,5
2411,T22,OTHER,90,2,54,48,-1,-1,09T22@4,BUYER,0,90,-1,-1,5
2412,T23,OTHER,90,1,54,48,-1,-1,08T23@4,BUYER,0,-1,-1,-1,5
2798,T37,T22,90,5,34,-1,-1,87,04T37@2,06T22@3,2,-1,-1,-1,3
2425,T23,OTHER,91,4,54,49,-1,-1,08T23@4,BUYER,0,-1,-1,-1,5
2429,T22,OTHER,91,3,54,49,-1,-1,09T22@4,BUYER,0,91,-1,-1,5
2430,T23,OTHER,91,2,54,49,-1,-1,08T23@4,BUYER,0,-1,-1,-1,5
2428,T22,OTHER,91,3,54,49,-1,-1,09T22@4,BUYER,0,91,-1,-1,5
2433,T22,OTHER,91,3,54,49,-1,-1,09T22@4,BUYER,0,91,-1,-1,5
2434,T22,OTHER,91,1,54,49,-1,-1,09T22@4,BUYER,0,91,-1,-1,5
2436,T23,OTHER,91,2,54,49,-1,-1,08T23@4,BUYER,0,-1,-1,-1,5
2432,T22,OTHER,91,2,54,49,-1,-1,09T22@4,BUYER,0,91,-1,-1,5
2797,T37,T22,92,1,50,-1,-1,87,04T37@2,06T22@3,17,-1,-1,-1,3
2451,T22,OTHER,92,5,54,50,-1,-1,09T22@4,BUYER,0,92,-1,-1,5
2795,T37,T22,92,1,50,-1,-1,85,04T37@2,06T22@3,17,-1,-1,-1,3
2794,T37,T22,92,1,50,-1,-1,84,04T37@2,07T22@3,17,-1,-1,-1,3
2793,T37,T22,92,1,50,-1,-1,83,04T37@2,06T22@3,17,-1,-1,-1,3
2448,T23,OTHER,92,1,54,50,-1,-1,08T23@4,BUYER,0,-1,-1,-1,5
2447,T23,OTHER,92,3,54,50,-1,-1,08T23@4,BUYER,0,-1,-1,-1,5
2789,T37,T22,92,1,50,-1,-1,82,04T37@2,06T22@3,17,-1,-1,-1,3
2446,T23,OTHER,92,4,54,50,-1,-1,08T23@4,BUYER,0,-1,-1,-1,5
2444,T22,OTHER,92,1,54,50,-1,-1,09T22@4,BUYER,0,92,-1,-1,5
2442,T23,OTHER,92,2,54,50,-1,-1,08T23@4,BUYER,0,-1,-1,-1,5
2450,T22,OTHER,92,2,54,50,-1,-1,09T22@4,BUYER,0,92,-1,-1,5
2454,T22,OTHER,92,2,54,50,-1,-1,09T22@4,BUYER,0,92,-1,-1,5
